135 135 135 135, CRC
75 75 75 75, CRC
104 104 104 104, CRC
210 210 210 210, CRC
92 92 92 92, CRC
252 252 252 252, CRC
237 237 237 237, CRC
80 80 80 80, CRC
24 24 24 24, CRC
231 231 231 231, CRC
30 30 30 30, CRC
69 69 69 69, CRC
153 153 153 153, CRC
166 166 166 166, CRC
42 42 42 42, CRC
80 80 80 80, CRC
203 203 203 203, CRC
54 54 54 54, CRC
149 149 149 149, CRC
251 251 251 251, CRC
96 96 96 96, CRC
209 209 209 209, CRC
172 172 172 172, CRC
56 56 56 56, CRC
145 145 145 145, CRC
186 186 186 186, CRC
142 142 142 142, CRC
184 184 184 184, CRC
36 36 36 36, CRC
0 0 0 0, CRC
136 136 136 136, CRC
217 217 217 217, CRC
220 220 220 220, CRC
39 39 39 39, CRC
50 50 50 50, CRC
169 169 169 169, CRC
164 164 164 164, CRC
109 109 109 109, CRC
59 59 59 59, CRC
130 130 130 130, CRC
183 183 183 183, CRC
114 114 114 114, CRC
44 44 44 44, CRC
121 121 121 121, CRC
148 148 148 148, CRC
127 127 127 127, CRC
200 200 200 200, CRC
18 18 18 18, CRC
228 228 228 228, CRC
203 203 203 203, CRC
44 44 44 44, CRC
6 6 6 6, CRC
108 108 108 108, CRC
254 254 254 254, CRC
245 245 245 245, CRC
98 98 98 98, CRC
69 69 69 69, CRC
105 105 105 105, CRC
133 133 133 133, CRC
25 25 25 25, CRC
163 163 163 163, CRC
34 34 34 34, CRC
59 59 59 59, CRC
211 211 211 211, CRC
190 190 190 190, CRC
177 177 177 78, CRC
101 101 101 154, CRC
39 39 39 216, CRC
184 184 184 71, CRC
48 48 48 207, CRC
159 159 159 96, CRC
66 66 66 189, CRC
180 180 180 75, CRC
16 16 16 239, CRC
145 145 145 110, CRC
15 15 15 240, CRC
187 187 187 68, CRC
131 131 131 124, CRC
165 165 165 90, CRC
78 78 78 177, CRC
183 183 183 72, CRC
135 135 135 120, CRC
49 49 49 206, CRC
119 119 119 136, CRC
109 109 109 146, CRC
187 187 187 68, CRC
193 193 193 62, CRC
246 246 246 9, CRC
36 36 36 219, CRC
77 77 77 178, CRC
67 67 67 188, CRC
227 227 227 28, CRC
96 96 96 159, CRC
20 20 20 235, CRC
83 83 83 172, CRC
229 229 229 26, CRC
72 72 72 183, CRC
172 172 172 83, CRC
61 61 61 194, CRC
74 74 74 181, CRC
17 17 17 238, CRC
64 64 64 191, CRC
221 221 221 34, CRC
5 5 5 250, CRC
156 156 156 99, CRC
21 21 21 234, CRC
20 20 20 235, CRC
129 129 129 126, CRC
137 137 137 118, CRC
128 128 128 127, CRC
218 218 218 37, CRC
220 220 220 35, CRC
218 218 218 37, CRC
152 152 152 103, CRC
190 190 190 65, CRC
209 209 209 46, CRC
129 129 129 126, CRC
12 12 12 243, CRC
167 167 167 88, CRC
23 23 23 232, CRC
126 126 126 129, CRC
126 126 126 129, CRC
191 191 191 64, CRC
91 91 91 164, CRC
5 5 5 250, CRC
30 30 30 225, CRC
170 170 170 85, CRC
43 43 43 43, CRC
122 122 122 122, CRC
11 11 11 244, CRC
237 237 237 237, CRC
172 172 172 172, CRC
40 40 40 40, CRC
203 203 203 203, CRC
200 200 200 200, CRC
185 185 185 185, CRC
254 254 254 254, CRC
236 236 236 236, CRC
0 0 0 0, CRC
196 196 196 196, CRC
242 242 242 242, CRC
15 15 15 15, CRC
96 96 96 96, CRC
127 127 127 127, CRC
243 243 243 243, CRC
116 116 116 116, CRC
21 21 21 21, CRC
199 199 199 199, CRC
142 142 142 142, CRC
74 74 74 74, CRC
45 45 45 45, CRC
151 151 151 151, CRC
150 150 150 150, CRC
235 235 235 235, CRC
239 239 239 239, CRC
124 124 124 124, CRC
198 198 198 198, CRC
61 61 61 61, CRC
243 243 243 12, CRC
247 247 247 247, CRC
125 125 125 125, CRC
178 178 178 77, CRC
255 255 255 255, CRC
211 211 211 211, CRC
174 174 174 174, CRC
153 153 153 153, CRC
45 45 45 45, CRC
52 52 52 52, CRC
35 35 35 35, CRC
93 93 93 93, CRC
174 174 174 174, CRC
25 25 25 25, CRC
107 107 107 107, CRC
165 165 165 165, CRC
54 54 54 54, CRC
225 225 225 225, CRC
16 16 16 16, CRC
24 24 24 24, CRC
190 190 190 190, CRC
115 115 115 115, CRC
140 140 140 140, CRC
197 197 197 197, CRC
240 240 240 240, CRC
84 84 84 84, CRC
246 246 246 246, CRC
97 97 97 97, CRC
146 146 146 146, CRC
212 212 212 212, CRC
49 49 49 49, CRC
120 120 120 120, CRC
212 212 212 43, CRC
33 33 33 33, CRC
247 247 247 247, CRC
69 69 69 186, CRC
57 57 57 57, CRC
23 23 23 232, CRC
57 57 57 198, CRC
36 36 36 219, CRC
220 220 220 35, CRC
5 5 5 250, CRC
31 31 31 224, CRC
69 69 69 186, CRC
63 63 63 192, CRC
44 44 44 211, CRC
79 79 79 176, CRC
144 144 144 111, CRC
145 145 145 110, CRC
47 47 47 208, CRC
196 196 196 59, CRC
192 192 192 63, CRC
139 139 139 116, CRC
53 53 53 202, CRC
192 192 192 63, CRC
166 166 166 89, CRC
91 91 91 164, CRC
137 137 137 118, CRC
204 204 204 51, CRC
183 183 183 72, CRC
233 233 233 22, CRC
221 221 221 34, CRC
105 105 105 150, CRC
42 42 42 213, CRC
245 245 245 10, CRC
245 245 245 10, CRC
240 240 240 15, CRC
139 139 139 116, CRC
151 151 151 104, CRC
78 78 78 177, CRC
155 155 155 100, CRC
91 91 91 164, CRC
243 243 243 12, CRC
167 167 167 88, CRC
193 193 193 62, CRC
108 108 108 147, CRC
72 72 72 183, CRC
147 147 147 108, CRC
134 134 134 121, CRC
145 145 145 110, CRC
157 157 157 98, CRC
174 174 174 81, CRC
219 219 219 36, CRC
211 211 211 44, CRC
64 64 64 191, CRC
250 250 250 5, CRC
39 39 39 216, CRC
150 150 150 105, CRC
230 230 230 25, CRC
135 135 135 120, CRC
188 188 188 67, CRC
145 145 145 110, CRC
113 113 113 142, CRC
126 126 126 129, CRC
56 56 56 199, CRC
7 7 7 7, CRC
17 17 17 238, CRC
0 0 0 0, CRC
113 113 113 113, CRC
11 11 11 244, CRC
102 102 102 102, CRC
132 132 132 123, CRC
3 3 3 252, CRC
201 201 201 54, CRC
20 20 20 235, CRC
43 43 43 212, CRC
158 158 158 97, CRC
239 239 239 16, CRC
122 122 122 133, CRC
200 200 200 55, CRC
237 237 237 18, CRC
83 83 83 172, CRC
113 113 113 142, CRC
75 75 75 180, CRC
12 12 12 243, CRC
45 45 45 210, CRC
94 94 94 161, CRC
36 36 36 219, CRC
229 229 229 26, CRC
126 126 126 129, CRC
2 2 2 253, CRC
96 96 96 159, CRC
205 205 205 50, CRC
226 226 226 29, CRC
42 42 42 213, CRC
136 136 136 119, CRC
126 126 126 129, CRC
106 106 106 149, CRC
153 153 153 102, CRC
22 22 22 22, CRC
224 224 224 224, CRC
165 165 165 90, CRC
248 248 248 7, CRC
77 77 77 178, CRC
46 46 46 209, CRC
148 148 148 107, CRC
210 210 210 45, CRC
55 55 55 200, CRC
37 37 37 218, CRC
105 105 105 150, CRC
244 244 244 11, CRC
52 52 52 203, CRC
212 212 212 43, CRC
103 103 103 152, CRC
231 231 231 24, CRC
113 113 113 142, CRC
97 97 97 158, CRC
69 69 69 186, CRC
149 149 149 106, CRC
112 112 112 143, CRC
19 19 19 236, CRC
150 150 150 105, CRC
109 109 109 146, CRC
61 61 61 194, CRC
155 155 155 100, CRC
5 5 5 250, CRC
228 228 228 27, CRC
108 108 108 147, CRC
140 140 140 115, CRC
121 121 121 121, CRC
118 118 118 137, CRC
19 19 19 19, CRC
199 199 199 199, CRC
52 52 52 203, CRC
26 26 26 26, CRC
171 171 171 84, CRC
85 85 85 170, CRC
189 189 189 66, CRC
135 135 135 120, CRC
207 207 207 48, CRC
206 206 206 49, CRC
166 166 166 89, CRC
86 86 86 169, CRC
44 44 44 211, CRC
102 102 102 153, CRC
94 94 94 161, CRC
183 183 183 72, CRC
169 169 169 86, CRC
98 98 98 157, CRC
28 28 28 227, CRC
56 56 56 199, CRC
52 52 52 203, CRC
148 148 148 107, CRC
113 113 113 142, CRC
33 33 33 222, CRC
68 68 68 187, CRC
97 97 97 158, CRC
62 62 62 193, CRC
92 92 92 163, CRC
122 122 122 133, CRC
108 108 108 147, CRC
218 218 218 37, CRC
126 126 126 129, CRC
104 104 104 151, CRC
246 246 246 9, CRC
157 157 157 98, CRC
110 110 110 145, CRC
208 208 208 47, CRC
240 240 240 15, CRC
192 192 192 63, CRC
85 85 85 170, CRC
217 217 217 38, CRC
60 60 60 195, CRC
145 145 145 110, CRC
131 131 131 124, CRC
190 190 190 65, CRC
30 30 30 225, CRC
181 181 181 74, CRC
150 150 150 105, CRC
80 80 80 175, CRC
189 189 189 66, CRC
69 69 69 186, CRC
255 255 255 0, CRC
0 0 0 255, CRC
90 90 90 165, CRC
220 220 220 35, CRC
13 13 13 242, CRC
172 172 172 83, CRC
42 42 42 213, CRC
91 91 91 164, CRC
43 43 43 212, CRC
108 108 108 147, CRC
200 200 200 55, CRC
166 166 166 166, CRC
224 224 224 31, CRC
254 254 254 254, CRC
164 164 164 164, CRC
87 87 87 168, CRC
192 192 192 192, CRC
226 226 226 29, CRC
254 254 254 1, CRC
97 97 97 158, CRC
252 252 252 3, CRC
108 108 108 147, CRC
4 4 4 251, CRC
145 145 145 110, CRC
53 53 53 202, CRC
167 167 167 88, CRC
83 83 83 172, CRC
182 182 182 73, CRC
213 213 213 42, CRC
243 243 243 12, CRC
246 246 246 9, CRC
70 70 70 185, CRC
11 11 11 244, CRC
198 198 198 57, CRC
33 33 33 222, CRC
18 18 18 237, CRC
66 66 66 189, CRC
224 224 224 31, CRC
65 65 65 190, CRC
72 72 72 183, CRC
36 36 36 219, CRC
47 47 47 208, CRC
95 95 95 160, CRC
232 232 232 23, CRC
15 15 15 240, CRC
217 217 217 217, CRC
114 114 114 114, CRC
26 26 26 229, CRC
243 243 243 12, CRC
237 237 237 18, CRC
171 171 171 84, CRC
138 138 138 117, CRC
172 172 172 83, CRC
144 144 144 111, CRC
12 12 12 243, CRC
68 68 68 187, CRC
148 148 148 107, CRC
208 208 208 47, CRC
80 80 80 175, CRC
215 215 215 40, CRC
82 82 82 173, CRC
10 10 10 245, CRC
42 42 42 213, CRC
72 72 72 183, CRC
111 111 111 144, CRC
241 241 241 14, CRC
70 70 70 185, CRC
65 65 65 190, CRC
176 176 176 79, CRC
213 213 213 42, CRC
194 194 194 61, CRC
19 19 19 236, CRC
220 220 220 35, CRC
29 29 29 226, CRC
178 178 178 77, CRC
135 135 135 135, CRC
55 55 55 200, CRC
161 161 161 161, CRC
80 80 80 80, CRC
158 158 158 97, CRC
234 234 234 234, CRC
49 49 49 206, CRC
31 31 31 224, CRC
65 65 65 190, CRC
14 14 14 241, CRC
159 159 159 96, CRC
71 71 71 184, CRC
42 42 42 213, CRC
50 50 50 205, CRC
18 18 18 237, CRC
131 131 131 124, CRC
21 21 21 234, CRC
130 130 130 125, CRC
14 14 14 241, CRC
239 239 239 16, CRC
150 150 150 105, CRC
175 175 175 80, CRC
242 242 242 13, CRC
86 86 86 169, CRC
177 177 177 78, CRC
159 159 159 96, CRC
240 240 240 15, CRC
34 34 34 221, CRC
239 239 239 16, CRC
126 126 126 129, CRC
217 217 217 38, CRC
148 148 148 107, CRC
14 14 14 241, CRC
167 167 167 88, CRC
174 174 174 81, CRC
56 56 56 199, CRC
20 20 20 235, CRC
153 153 153 102, CRC
35 35 35 220, CRC
41 41 41 214, CRC
243 243 243 12, CRC
218 218 218 37, CRC
180 180 180 75, CRC
74 74 74 181, CRC
193 193 193 62, CRC
191 191 191 64, CRC
123 123 123 132, CRC
49 49 49 206, CRC
95 95 95 160, CRC
39 39 39 216, CRC
127 127 127 128, CRC
69 69 69 186, CRC
159 159 159 96, CRC
59 59 59 196, CRC
250 250 250 5, CRC
137 137 137 118, CRC
74 74 74 181, CRC
113 113 113 142, CRC
129 129 129 126, CRC
69 69 69 186, CRC
183 183 183 72, CRC
45 45 45 210, CRC
208 208 208 47, CRC
126 126 126 129, CRC
5 5 5 5, CRC
245 245 245 10, CRC
109 109 109 109, CRC
185 185 185 185, CRC
115 115 115 140, CRC
104 104 104 104, CRC
135 135 135 120, CRC
109 109 109 146, CRC
26 26 26 229, CRC
206 206 206 49, CRC
40 40 40 215, CRC
72 72 72 183, CRC
248 248 248 7, CRC
154 154 154 101, CRC
136 136 136 119, CRC
148 148 148 107, CRC
125 125 125 130, CRC
31 31 31 224, CRC
75 75 75 180, CRC
167 167 167 88, CRC
60 60 60 195, CRC
50 50 50 205, CRC
111 111 111 144, CRC
203 203 203 52, CRC
195 195 195 60, CRC
10 10 10 245, CRC
137 137 137 118, CRC
66 66 66 189, CRC
149 149 149 106, CRC
228 228 228 27, CRC
227 227 227 95, CRC
57 57 57 57, CRC
177 177 177 177, CRC
98 98 98 98, CRC
215 215 215 215, CRC
127 127 127 127, CRC
28 28 28 28, CRC
97 97 97 97, CRC
51 51 51 51, CRC
98 98 98 222, CRC
31 31 31 224, CRC
164 164 164 91, CRC
8 8 8 247, CRC
111 111 111 144, CRC
233 233 233 22, CRC
90 90 90 165, CRC
37 37 37 218, CRC
233 233 233 22, CRC
212 212 212 43, CRC
72 72 72 183, CRC
129 129 129 126, CRC
80 80 80 175, CRC
47 47 47 208, CRC
21 21 21 234, CRC
145 145 145 110, CRC
56 56 56 199, CRC
1 1 1 254, CRC
157 157 157 98, CRC
161 161 161 94, CRC
185 185 185 70, CRC
117 117 117 138, CRC
28 28 28 227, CRC
45 45 45 210, CRC
136 136 136 119, CRC
77 77 77 77, CRC
34 34 34 221, CRC
105 105 105 105, CRC
85 85 85 85, CRC
139 139 139 116, CRC
139 139 139 139, CRC
96 96 96 159, CRC
181 181 181 74, CRC
74 74 74 181, CRC
140 140 140 115, CRC
156 156 156 99, CRC
21 21 21 234, CRC
101 101 101 154, CRC
31 31 31 224, CRC
194 194 194 61, CRC
196 196 196 59, CRC
113 113 113 142, CRC
165 165 165 90, CRC
145 145 145 110, CRC
90 90 90 165, CRC
102 102 102 153, CRC
194 194 194 61, CRC
20 20 20 235, CRC
255 255 255 0, CRC
118 118 118 137, CRC
240 240 240 15, CRC
99 99 99 223, CRC
69 69 69 69, CRC
162 162 162 162, CRC
159 159 159 159, CRC
47 47 47 47, CRC
236 236 236 236, CRC
76 76 76 76, CRC
50 50 50 50, CRC
110 110 110 110, CRC
126 126 126 126, CRC
214 214 214 214, CRC
211 211 211 211, CRC
17 17 17 17, CRC
193 193 193 193, CRC
222 222 222 222, CRC
27 27 27 27, CRC
194 194 194 194, CRC
188 188 188 0, CRC
239 239 239 16, CRC
23 23 23 232, CRC
16 16 16 239, CRC
160 160 160 95, CRC
93 93 93 162, CRC
143 143 143 112, CRC
83 83 83 172, CRC
138 138 138 117, CRC
241 241 241 14, CRC
132 132 132 123, CRC
234 234 234 21, CRC
234 234 234 21, CRC
231 231 231 24, CRC
251 251 251 4, CRC
225 225 225 30, CRC
195 195 195 60, CRC
215 215 215 40, CRC
164 164 164 91, CRC
172 172 172 83, CRC
163 163 163 92, CRC
180 180 180 180, CRC
168 168 168 87, CRC
178 178 178 178, CRC
25 25 25 25, CRC
31 31 31 224, CRC
98 98 98 98, CRC
55 55 55 200, CRC
54 54 54 201, CRC
25 25 25 230, CRC
24 24 24 231, CRC
190 190 190 65, CRC
1 1 1 254, CRC
143 143 143 112, CRC
207 207 207 48, CRC
151 151 151 104, CRC
104 104 104 151, CRC
185 185 185 70, CRC
166 166 166 89, CRC
201 201 201 54, CRC
97 97 97 158, CRC
72 72 72 183, CRC
138 138 138 117, CRC
169 169 169 86, CRC
189 189 189 66, CRC
216 216 216 100, CRC
164 164 164 164, CRC
18 18 18 18, CRC
43 43 43 43, CRC
202 202 202 202, CRC
164 164 164 164, CRC
82 82 82 82, CRC
78 78 78 78, CRC
170 170 170 170, CRC
246 246 246 246, CRC
16 16 16 16, CRC
175 175 175 175, CRC
6 6 6 6, CRC
74 74 74 74, CRC
52 52 52 52, CRC
245 245 245 245, CRC
164 164 164 164, CRC
133 133 133 133, CRC
115 115 115 115, CRC
17 17 17 17, CRC
4 4 4 4, CRC
231 231 231 47, CRC
105 105 105 150, CRC
89 89 89 166, CRC
21 21 21 234, CRC
63 63 63 192, CRC
200 200 200 55, CRC
96 96 96 159, CRC
74 74 74 181, CRC
98 98 98 157, CRC
81 81 81 174, CRC
31 31 31 224, CRC
250 250 250 5, CRC
51 51 51 204, CRC
236 236 236 19, CRC
150 150 150 105, CRC
43 43 43 212, CRC
22 22 22 233, CRC
19 19 19 236, CRC
240 240 240 15, CRC
90 90 90 90, CRC
180 180 180 75, CRC
229 229 229 229, CRC
96 96 96 96, CRC
145 145 145 110, CRC
21 21 21 21, CRC
114 114 114 141, CRC
133 133 133 122, CRC
172 172 172 83, CRC
179 179 179 76, CRC
88 88 88 167, CRC
217 217 217 38, CRC
139 139 139 116, CRC
174 174 174 81, CRC
253 253 253 2, CRC
201 201 201 54, CRC
166 166 166 89, CRC
185 185 185 70, CRC
35 35 35 220, CRC
89 89 89 166, CRC
130 130 130 125, CRC
113 113 113 142, CRC
129 129 129 26, CRC
147 147 147 147, CRC
31 31 31 31, CRC
207 207 207 207, CRC
136 136 136 136, CRC
130 130 130 130, CRC
114 114 114 114, CRC
164 164 164 164, CRC
67 67 67 67, CRC
27 27 27 27, CRC
116 116 116 116, CRC
32 32 32 32, CRC
0 0 0 0, CRC
84 84 84 84, CRC
81 81 81 81, CRC
89 89 89 89, CRC
230 230 230 230, CRC
54 54 54 54, CRC
47 47 47 47, CRC
176 176 176 176, CRC
16 16 16 16, CRC
62 62 62 62, CRC
50 50 50 50, CRC
230 230 230 230, CRC
68 68 68 68, CRC
32 32 32 136, CRC
150 150 150 105, CRC
96 96 96 159, CRC
145 145 145 110, CRC
70 70 70 185, CRC
138 138 138 117, CRC
176 176 176 79, CRC
128 128 128 127, CRC
186 186 186 69, CRC
130 130 130 125, CRC
48 48 48 207, CRC
209 209 209 46, CRC
57 57 57 198, CRC
191 191 191 64, CRC
42 42 42 213, CRC
112 112 112 143, CRC
47 47 47 208, CRC
220 220 220 220, CRC
86 86 86 169, CRC
36 36 36 36, CRC
113 113 113 113, CRC
215 215 215 40, CRC
76 76 76 76, CRC
206 206 206 49, CRC
32 32 32 223, CRC
109 109 109 146, CRC
105 105 105 150, CRC
180 180 180 75, CRC
115 115 115 140, CRC
214 214 214 41, CRC
0 0 0 255, CRC
189 189 189 66, CRC
16 16 16 239, CRC
188 188 188 67, CRC
26 26 26 229, CRC
91 91 91 164, CRC
101 101 101 154, CRC
117 117 117 138, CRC
199 199 199 199, CRC
195 195 195 195, CRC
174 174 174 174, CRC
1 1 1 1, CRC
169 169 169 169, CRC
22 22 22 22, CRC
71 71 71 71, CRC
54 54 54 54, CRC
139 139 139 139, CRC
226 226 226 226, CRC
221 221 221 221, CRC
85 85 85 85, CRC
71 71 71 71, CRC
15 15 15 15, CRC
199 199 199 199, CRC
118 118 118 118, CRC
181 181 181 181, CRC
215 215 215 215, CRC
78 78 78 78, CRC
244 244 244 244, CRC
154 154 154 154, CRC
104 104 104 104, CRC
221 221 221 221, CRC
112 112 112 112, CRC
180 180 180 180, CRC
151 151 151 151, CRC
22 22 22 22, CRC
51 51 51 51, CRC
18 18 18 237, CRC
153 153 153 102, CRC
168 168 168 87, CRC
92 92 92 163, CRC
118 118 118 137, CRC
65 65 65 190, CRC
173 173 173 82, CRC
98 98 98 157, CRC
233 233 233 22, CRC
173 173 173 82, CRC
217 217 217 38, CRC
34 34 34 221, CRC
192 192 192 63, CRC
173 173 173 82, CRC
52 52 52 203, CRC
222 222 222 222, CRC
31 31 31 224, CRC
247 247 247 247, CRC
6 6 6 6, CRC
85 85 85 170, CRC
193 193 193 193, CRC
159 159 159 96, CRC
155 155 155 100, CRC
211 211 211 44, CRC
11 11 11 244, CRC
56 56 56 199, CRC
206 206 206 49, CRC
147 147 147 108, CRC
141 141 141 114, CRC
235 235 235 20, CRC
125 125 125 130, CRC
168 168 168 87, CRC
94 94 94 161, CRC
240 240 240 15, CRC
82 82 82 238, CRC
89 89 89 89, CRC
78 78 78 78, CRC
245 245 245 245, CRC
156 156 156 156, CRC
84 84 84 84, CRC
127 127 127 127, CRC
72 72 72 72, CRC
105 105 105 105, CRC
93 93 93 93, CRC
170 170 170 170, CRC
212 212 212 212, CRC
216 216 216 216, CRC
157 157 157 157, CRC
6 6 6 6, CRC
152 152 152 152, CRC
179 179 179 179, CRC
215 215 215 215, CRC
221 221 221 221, CRC
153 153 153 153, CRC
213 213 213 213, CRC
143 143 143 143, CRC
221 221 221 221, CRC
227 227 227 227, CRC
203 203 203 203, CRC
14 14 14 14, CRC
155 155 155 155, CRC
56 56 56 56, CRC
168 168 168 168, CRC
156 156 156 156, CRC
149 149 149 149, CRC
184 184 184 112, CRC
160 160 160 95, CRC
139 139 139 116, CRC
231 231 231 24, CRC
31 31 31 224, CRC
185 185 185 70, CRC
7 7 7 248, CRC
65 65 65 190, CRC
215 215 215 40, CRC
22 22 22 233, CRC
144 144 144 111, CRC
108 108 108 147, CRC
167 167 167 88, CRC
79 79 79 176, CRC
35 35 35 35, CRC
128 128 128 127, CRC
90 90 90 90, CRC
126 126 126 126, CRC
16 16 16 239, CRC
118 118 118 118, CRC
99 99 99 156, CRC
115 115 115 140, CRC
95 95 95 160, CRC
168 168 168 87, CRC
217 217 217 38, CRC
181 181 181 74, CRC
142 142 142 113, CRC
141 141 141 114, CRC
150 150 150 105, CRC
86 86 86 169, CRC
115 115 115 140, CRC
251 251 251 4, CRC
81 81 81 174, CRC
81 81 81 81, CRC
108 108 108 108, CRC
140 140 140 140, CRC
35 35 35 35, CRC
22 22 22 22, CRC
118 118 118 118, CRC
232 232 232 232, CRC
232 232 232 232, CRC
251 251 251 251, CRC
86 86 86 86, CRC
55 55 55 55, CRC
48 48 48 48, CRC
175 175 175 175, CRC
35 35 35 35, CRC
224 224 224 224, CRC
228 228 228 228, CRC
88 88 88 88, CRC
89 89 89 89, CRC
146 146 146 146, CRC
40 40 40 40, CRC
36 36 36 36, CRC
120 120 120 120, CRC
135 135 135 135, CRC
56 56 56 56, CRC
44 44 44 44, CRC
222 222 222 222, CRC
125 125 125 125, CRC
73 73 73 73, CRC
135 135 135 135, CRC
8 8 8 8, CRC
101 101 101 101, CRC
25 25 25 25, CRC
94 94 94 161, CRC
132 132 132 123, CRC
121 121 121 134, CRC
70 70 70 185, CRC
94 94 94 161, CRC
91 91 91 164, CRC
231 231 231 24, CRC
55 55 55 200, CRC
78 78 78 177, CRC
177 177 177 78, CRC
110 110 110 145, CRC
53 53 53 202, CRC
156 156 156 99, CRC
181 181 181 181, CRC
186 186 186 69, CRC
253 253 253 253, CRC
163 163 163 163, CRC
199 199 199 56, CRC
230 230 230 230, CRC
19 19 19 236, CRC
244 244 244 11, CRC
203 203 203 52, CRC
90 90 90 165, CRC
38 38 38 217, CRC
186 186 186 69, CRC
208 208 208 47, CRC
200 200 200 55, CRC
117 117 117 138, CRC
146 146 146 109, CRC
208 208 208 47, CRC
156 156 156 99, CRC
87 87 87 87, CRC
202 202 202 202, CRC
196 196 196 196, CRC
24 24 24 24, CRC
27 27 27 27, CRC
172 172 172 172, CRC
135 135 135 135, CRC
200 200 200 200, CRC
117 117 117 117, CRC
125 125 125 125, CRC
53 53 53 53, CRC
154 154 154 154, CRC
24 24 24 24, CRC
177 177 177 177, CRC
168 168 168 168, CRC
252 252 252 252, CRC
172 172 172 172, CRC
89 89 89 89, CRC
200 200 200 200, CRC
181 181 181 181, CRC
230 230 230 230, CRC
36 36 36 36, CRC
75 75 75 75, CRC
57 57 57 57, CRC
31 31 31 31, CRC
174 174 174 174, CRC
116 116 116 116, CRC
67 67 67 67, CRC
124 124 124 124, CRC
52 52 52 52, CRC
152 152 152 152, CRC
63 63 63 63, CRC
209 209 209 209, CRC
114 114 114 114, CRC
148 148 148 107, CRC
139 139 139 116, CRC
174 174 174 81, CRC
132 132 132 123, CRC
67 67 67 188, CRC
86 86 86 169, CRC
116 116 116 139, CRC
237 237 237 18, CRC
31 31 31 224, CRC
40 40 40 215, CRC
11 11 11 244, CRC
95 95 95 160, CRC
241 241 241 241, CRC
41 41 41 214, CRC
9 9 9 9, CRC
171 171 171 171, CRC
236 236 236 19, CRC
50 50 50 50, CRC
242 242 242 13, CRC
86 86 86 169, CRC
89 89 89 166, CRC
174 174 174 81, CRC
194 194 194 61, CRC
17 17 17 238, CRC
200 200 200 55, CRC
32 32 32 223, CRC
119 119 119 136, CRC
210 210 210 45, CRC
138 138 138 54, CRC
70 70 70 70, CRC
84 84 84 84, CRC
125 125 125 125, CRC
26 26 26 26, CRC
156 156 156 156, CRC
216 216 216 216, CRC
194 194 194 194, CRC
123 123 123 123, CRC
92 92 92 92, CRC
5 5 5 5, CRC
233 233 233 233, CRC
110 110 110 110, CRC
214 214 214 214, CRC
98 98 98 98, CRC
43 43 43 43, CRC
208 208 208 208, CRC
185 185 185 185, CRC
180 180 180 180, CRC
15 15 15 15, CRC
134 134 134 134, CRC
151 151 151 151, CRC
57 57 57 57, CRC
232 232 232 232, CRC
190 190 190 190, CRC
214 214 214 214, CRC
215 215 215 215, CRC
126 126 126 126, CRC
8 8 8 8, CRC
150 150 150 150, CRC
52 52 52 52, CRC
114 114 114 114, CRC
126 126 126 126, CRC
117 117 117 117, CRC
50 50 50 50, CRC
57 57 57 57, CRC
116 116 116 116, CRC
115 115 115 188, CRC
25 25 25 230, CRC
207 207 207 48, CRC
98 98 98 157, CRC
53 53 53 202, CRC
73 73 73 182, CRC
215 215 215 40, CRC
160 160 160 95, CRC
125 125 125 130, CRC
249 249 249 6, CRC
29 29 29 226, CRC
151 151 151 151, CRC
7 7 7 248, CRC
62 62 62 62, CRC
8 8 8 8, CRC
179 179 179 76, CRC
230 230 230 230, CRC
219 219 219 36, CRC
212 212 212 43, CRC
226 226 226 29, CRC
85 85 85 170, CRC
211 211 211 44, CRC
4 4 4 251, CRC
203 203 203 52, CRC
163 163 163 92, CRC
176 176 176 79, CRC
206 206 206 49, CRC
131 131 131 131, CRC
37 37 37 37, CRC
218 218 218 218, CRC
18 18 18 18, CRC
43 43 43 43, CRC
136 136 136 136, CRC
131 131 131 131, CRC
167 167 167 167, CRC
40 40 40 40, CRC
32 32 32 32, CRC
85 85 85 85, CRC
210 210 210 210, CRC
208 208 208 208, CRC
168 168 168 168, CRC
130 130 130 130, CRC
34 34 34 34, CRC
145 145 145 145, CRC
203 203 203 203, CRC
131 131 131 131, CRC
45 45 45 45, CRC
215 215 215 215, CRC
208 208 208 208, CRC
15 15 15 15, CRC
66 66 66 66, CRC
173 173 173 173, CRC
119 119 119 119, CRC
247 247 247 247, CRC
204 204 204 204, CRC
166 166 166 166, CRC
209 209 209 209, CRC
123 123 123 123, CRC
137 137 137 137, CRC
189 189 189 189, CRC
202 202 202 202, CRC
74 74 74 74, CRC
81 81 81 81, CRC
89 89 89 89, CRC
73 73 73 73, CRC
131 131 131 124, CRC
227 227 227 28, CRC
19 19 19 236, CRC
160 160 160 95, CRC
126 126 126 129, CRC
169 169 169 86, CRC
214 214 214 41, CRC
140 140 140 115, CRC
210 210 210 45, CRC
66 66 66 189, CRC
70 70 70 70, CRC
15 15 15 240, CRC
197 197 197 197, CRC
17 17 17 17, CRC
162 162 162 93, CRC
177 177 177 177, CRC
163 163 163 92, CRC
161 161 161 94, CRC
56 56 56 199, CRC
40 40 40 215, CRC
97 97 97 158, CRC
110 110 110 145, CRC
37 37 37 218, CRC
41 41 41 214, CRC
191 191 191 64, CRC
68 68 68 68, CRC
94 94 94 94, CRC
235 235 235 235, CRC
175 175 175 175, CRC
127 127 127 127, CRC
120 120 120 120, CRC
245 245 245 245, CRC
20 20 20 20, CRC
69 69 69 69, CRC
239 239 239 239, CRC
139 139 139 139, CRC
151 151 151 151, CRC
149 149 149 149, CRC
4 4 4 4, CRC
8 8 8 8, CRC
224 224 224 224, CRC
223 223 223 223, CRC
93 93 93 93, CRC
101 101 101 101, CRC
199 199 199 56, CRC
8 8 8 247, CRC
188 188 188 188, CRC
153 153 153 153, CRC
10 10 10 10, CRC
91 91 91 91, CRC
133 133 133 133, CRC
243 243 243 243, CRC
51 51 51 51, CRC
108 108 108 108, CRC
237 237 237 237, CRC
177 177 177 177, CRC
8 8 8 8, CRC
224 224 224 224, CRC
51 51 51 51, CRC
219 219 219 219, CRC
142 142 142 142, CRC
123 123 123 123, CRC
170 170 170 170, CRC
190 190 190 190, CRC
104 104 104 104, CRC
139 139 139 116, CRC
210 210 210 45, CRC
116 116 116 139, CRC
25 25 25 230, CRC
31 31 31 224, CRC
222 222 222 33, CRC
188 188 188 67, CRC
108 108 108 147, CRC
212 212 212 43, CRC
171 171 171 171, CRC
168 168 168 87, CRC
229 229 229 229, CRC
63 63 63 63, CRC
34 34 34 221, CRC
51 51 51 51, CRC
236 236 236 19, CRC
91 91 91 164, CRC
140 140 140 115, CRC
106 106 106 149, CRC
113 113 113 142, CRC
66 66 66 189, CRC
18 18 18 237, CRC
161 161 161 94, CRC
121 121 121 232, CRC
56 56 56 56, CRC
166 166 166 166, CRC
253 253 253 253, CRC
82 82 82 82, CRC
58 58 58 58, CRC
183 183 183 183, CRC
21 21 21 21, CRC
140 140 140 140, CRC
163 163 163 163, CRC
181 181 181 181, CRC
38 38 38 38, CRC
246 246 246 246, CRC
91 91 91 91, CRC
130 130 130 130, CRC
182 182 182 182, CRC
115 115 115 115, CRC
195 195 195 195, CRC
3 3 3 3, CRC
238 238 238 17, CRC
165 165 165 90, CRC
160 160 160 95, CRC
191 191 191 64, CRC
84 84 84 84, CRC
15 15 15 15, CRC
159 159 159 159, CRC
83 83 83 83, CRC
134 134 134 134, CRC
48 48 48 48, CRC
93 93 93 93, CRC
41 41 41 41, CRC
179 179 179 179, CRC
135 135 135 135, CRC
166 166 166 166, CRC
116 116 116 116, CRC
174 174 174 174, CRC
242 242 242 242, CRC
231 231 231 231, CRC
131 131 131 131, CRC
15 15 15 15, CRC
226 226 226 226, CRC
163 163 163 13, CRC
245 245 245 10, CRC
11 11 11 244, CRC
133 133 133 122, CRC
115 115 115 140, CRC
91 91 91 164, CRC
38 38 38 217, CRC
236 236 236 19, CRC
185 185 185 70, CRC
59 59 59 59, CRC
178 178 178 77, CRC
64 64 64 64, CRC
248 248 248 248, CRC
62 62 62 193, CRC
33 33 33 33, CRC
199 199 199 56, CRC
151 151 151 104, CRC
222 222 222 33, CRC
225 225 225 30, CRC
203 203 203 52, CRC
216 216 216 39, CRC
247 247 247 8, CRC
191 191 191 64, CRC
133 133 133 133, CRC
246 246 246 246, CRC
72 72 72 72, CRC
170 170 170 170, CRC
132 132 132 132, CRC
246 246 246 246, CRC
10 10 10 10, CRC
86 86 86 86, CRC
130 130 130 130, CRC
177 177 177 177, CRC
34 34 34 34, CRC
59 59 59 59, CRC
20 20 20 20, CRC
211 211 211 211, CRC
199 199 199 199, CRC
214 214 214 214, CRC
142 142 142 142, CRC
180 180 180 180, CRC
36 36 36 219, CRC
133 133 133 122, CRC
170 170 170 85, CRC
201 201 201 54, CRC
77 77 77 178, CRC
34 34 34 221, CRC
33 33 33 33, CRC
212 212 212 212, CRC
1 1 1 1, CRC
82 82 82 82, CRC
166 166 166 166, CRC
57 57 57 57, CRC
75 75 75 180, CRC
216 216 216 216, CRC
81 81 81 81, CRC
101 101 101 101, CRC
224 224 224 224, CRC
230 230 230 230, CRC
7 7 7 7, CRC
209 209 209 209, CRC
10 10 10 10, CRC
8 8 8 8, CRC
220 220 220 220, CRC
246 246 246 246, CRC
148 148 148 107, CRC
96 96 96 159, CRC
99 99 99 156, CRC
237 237 237 18, CRC
81 81 81 174, CRC
55 55 55 200, CRC
77 77 77 178, CRC
245 245 245 10, CRC
212 212 212 212, CRC
41 41 41 214, CRC
95 95 95 95, CRC
209 209 209 209, CRC
212 212 212 43, CRC
217 217 217 217, CRC
87 87 87 168, CRC
52 52 52 203, CRC
109 109 109 146, CRC
157 157 157 98, CRC
214 214 214 41, CRC
164 164 164 91, CRC
73 73 73 182, CRC
116 116 116 200, CRC
251 251 251 251, CRC
153 153 153 153, CRC
67 67 67 67, CRC
231 231 231 231, CRC
51 51 51 51, CRC
243 243 243 243, CRC
74 74 74 74, CRC
180 180 180 180, CRC
217 217 217 217, CRC
252 252 252 252, CRC
133 133 133 133, CRC
215 215 215 215, CRC
84 84 84 84, CRC
101 101 101 101, CRC
108 108 108 108, CRC
213 213 213 213, CRC
163 163 163 163, CRC
76 76 76 179, CRC
138 138 138 117, CRC
134 134 134 121, CRC
77 77 77 178, CRC
229 229 229 26, CRC
242 242 242 13, CRC
185 185 185 70, CRC
146 146 146 109, CRC
212 212 212 212, CRC
52 52 52 52, CRC
59 59 59 59, CRC
83 83 83 83, CRC
180 180 180 75, CRC
28 28 28 227, CRC
244 244 244 11, CRC
83 83 83 83, CRC
53 53 53 53, CRC
147 147 147 147, CRC
81 81 81 81, CRC
244 244 244 244, CRC
144 144 144 144, CRC
17 17 17 17, CRC
173 173 173 173, CRC
60 60 60 60, CRC
240 240 240 240, CRC
239 239 239 61, CRC
19 19 19 236, CRC
83 83 83 172, CRC
224 224 224 31, CRC
73 73 73 182, CRC
107 107 107 148, CRC
2 2 2 253, CRC
36 36 36 219, CRC
44 44 44 44, CRC
210 210 210 45, CRC
55 55 55 55, CRC
236 236 236 236, CRC
106 106 106 149, CRC
67 67 67 67, CRC
91 91 91 164, CRC
23 23 23 232, CRC
15 15 15 240, CRC
53 53 53 202, CRC
249 249 249 6, CRC
49 49 49 206, CRC
36 36 36 219, CRC
42 42 42 42, CRC
124 124 124 124, CRC
162 162 162 162, CRC
10 10 10 10, CRC
129 129 129 129, CRC
164 164 164 164, CRC
75 75 75 75, CRC
151 151 151 151, CRC
109 109 109 109, CRC
30 30 30 30, CRC
25 25 25 25, CRC
34 34 34 34, CRC
12 12 12 12, CRC
146 146 146 146, CRC
209 209 209 209, CRC
74 74 74 74, CRC
229 229 229 229, CRC
41 41 41 214, CRC
207 207 207 48, CRC
226 226 226 29, CRC
119 119 119 136, CRC
126 126 126 129, CRC
51 51 51 204, CRC
121 121 121 134, CRC
75 75 75 180, CRC
170 170 170 85, CRC
224 224 224 31, CRC
85 85 85 85, CRC
14 14 14 14, CRC
253 253 253 253, CRC
150 150 150 150, CRC
78 78 78 177, CRC
228 228 228 228, CRC
96 96 96 96, CRC
244 244 244 244, CRC
62 62 62 62, CRC
80 80 80 80, CRC
198 198 198 198, CRC
184 184 184 184, CRC
125 125 125 125, CRC
64 64 64 64, CRC
177 177 177 177, CRC
124 124 124 124, CRC
46 46 46 46, CRC
237 237 237 18, CRC
213 213 213 42, CRC
155 155 155 100, CRC
39 39 39 216, CRC
240 240 240 15, CRC
217 217 217 38, CRC
235 235 235 20, CRC
99 99 99 99, CRC
243 243 243 12, CRC
221 221 221 221, CRC
1 1 1 1, CRC
150 150 150 105, CRC
54 54 54 54, CRC
96 96 96 159, CRC
243 243 243 12, CRC
24 24 24 231, CRC
107 107 107 148, CRC
224 224 224 31, CRC
224 224 224 31, CRC
206 206 206 97, CRC
44 44 44 44, CRC
40 40 40 40, CRC
135 135 135 135, CRC
186 186 186 186, CRC
199 199 199 199, CRC
30 30 30 30, CRC
21 21 21 21, CRC
189 189 189 189, CRC
93 93 93 93, CRC
159 159 159 159, CRC
21 21 21 21, CRC
10 10 10 10, CRC
48 48 48 48, CRC
120 120 120 120, CRC
0 0 0 0, CRC
52 52 52 52, CRC
190 190 190 65, CRC
196 196 196 59, CRC
106 106 106 149, CRC
91 91 91 164, CRC
192 192 192 63, CRC
141 141 141 114, CRC
195 195 195 60, CRC
172 172 172 83, CRC
208 208 208 47, CRC
240 240 240 15, CRC
47 47 47 208, CRC
171 171 171 84, CRC
182 182 182 182, CRC
135 135 135 135, CRC
167 167 167 167, CRC
213 213 213 213, CRC
62 62 62 62, CRC
102 102 102 102, CRC
254 254 254 254, CRC
135 135 135 135, CRC
37 37 37 37, CRC
154 154 154 154, CRC
89 89 89 89, CRC
46 46 46 46, CRC
222 222 222 222, CRC
126 126 126 126, CRC
89 89 89 89, CRC
123 123 123 123, CRC
58 58 58 242, CRC
148 148 148 107, CRC
14 14 14 241, CRC
58 58 58 197, CRC
51 51 51 204, CRC
211 211 211 44, CRC
190 190 190 65, CRC
174 174 174 174, CRC
213 213 213 42, CRC
178 178 178 178, CRC
245 245 245 245, CRC
38 38 38 217, CRC
186 186 186 186, CRC
133 133 133 122, CRC
194 194 194 61, CRC
252 252 252 3, CRC
156 156 156 99, CRC
194 194 194 61, CRC
252 252 252 3, CRC
239 239 239 239, CRC
255 255 255 255, CRC
36 36 36 36, CRC
41 41 41 41, CRC
241 241 241 241, CRC
202 202 202 202, CRC
76 76 76 76, CRC
75 75 75 75, CRC
170 170 170 170, CRC
248 248 248 248, CRC
171 171 171 171, CRC
34 34 34 34, CRC
190 190 190 190, CRC
76 76 76 76, CRC
176 176 176 176, CRC
156 156 156 156, CRC
230 230 230 25, CRC
6 6 6 249, CRC
89 89 89 166, CRC
231 231 231 24, CRC
9 9 9 246, CRC
95 95 95 160, CRC
224 224 224 31, CRC
233 233 233 22, CRC
2 2 2 253, CRC
101 101 101 154, CRC
96 96 96 159, CRC
97 97 97 158, CRC
72 72 72 183, CRC
125 125 125 130, CRC
42 42 42 42, CRC
123 123 123 123, CRC
193 193 193 193, CRC
203 203 203 203, CRC
42 42 42 42, CRC
215 215 215 215, CRC
155 155 155 155, CRC
196 196 196 196, CRC
45 45 45 45, CRC
107 107 107 107, CRC
241 241 241 241, CRC
103 103 103 103, CRC
156 156 156 156, CRC
112 112 112 112, CRC
221 221 221 221, CRC
73 73 73 73, CRC
102 102 102 153, CRC
208 208 208 47, CRC
202 202 202 53, CRC
66 66 66 189, CRC
67 67 67 188, CRC
83 83 83 172, CRC
124 124 124 124, CRC
55 55 55 200, CRC
254 254 254 254, CRC
157 157 157 157, CRC
136 136 136 119, CRC
185 185 185 185, CRC
29 29 29 226, CRC
186 186 186 69, CRC
5 5 5 250, CRC
159 159 159 96, CRC
15 15 15 240, CRC
145 145 145 110, CRC
98 98 98 98, CRC
138 138 138 138, CRC
203 203 203 203, CRC
69 69 69 69, CRC
73 73 73 73, CRC
194 194 194 194, CRC
194 194 194 194, CRC
250 250 250 250, CRC
240 240 240 240, CRC
97 97 97 97, CRC
200 200 200 200, CRC
118 118 118 118, CRC
169 169 169 169, CRC
0 0 0 0, CRC
166 166 166 166, CRC
205 205 205 50, CRC
111 111 111 144, CRC
5 5 5 250, CRC
145 145 145 110, CRC
131 131 131 124, CRC
176 176 176 79, CRC
28 28 28 227, CRC
247 247 247 8, CRC
116 116 116 139, CRC
77 77 77 178, CRC
133 133 133 122, CRC
180 180 180 75, CRC
168 168 168 87, CRC
64 64 64 191, CRC
9 9 9 246, CRC
32 32 32 223, CRC
135 135 135 135, CRC
234 234 234 234, CRC
150 150 150 150, CRC
88 88 88 88, CRC
143 143 143 143, CRC
207 207 207 207, CRC
137 137 137 137, CRC
151 151 151 151, CRC
182 182 182 182, CRC
99 99 99 99, CRC
158 158 158 158, CRC
145 145 145 145, CRC
168 168 168 168, CRC
180 180 180 180, CRC
191 191 191 191, CRC
210 210 210 45, CRC
235 235 235 20, CRC
191 191 191 64, CRC
220 220 220 35, CRC
169 169 169 86, CRC
17 17 17 238, CRC
83 83 83 83, CRC
84 84 84 171, CRC
239 239 239 239, CRC
82 82 82 82, CRC
89 89 89 166, CRC
193 193 193 193, CRC
252 252 252 3, CRC
76 76 76 179, CRC
161 161 161 94, CRC
117 117 117 138, CRC
170 170 170 85, CRC
36 36 36 219, CRC
6 6 6 6, CRC
177 177 177 177, CRC
171 171 171 171, CRC
228 228 228 228, CRC
164 164 164 164, CRC
67 67 67 67, CRC
88 88 88 88, CRC
128 128 128 128, CRC
158 158 158 158, CRC
252 252 252 252, CRC
81 81 81 81, CRC
165 165 165 165, CRC
187 187 187 187, CRC
191 191 191 191, CRC
5 5 5 250, CRC
202 202 202 53, CRC
27 27 27 228, CRC
63 63 63 192, CRC
81 81 81 174, CRC
190 190 190 65, CRC
143 143 143 112, CRC
65 65 65 190, CRC
230 230 230 25, CRC
252 252 252 3, CRC
78 78 78 177, CRC
173 173 173 82, CRC
169 169 169 86, CRC
13 13 13 242, CRC
200 200 200 55, CRC
248 248 248 7, CRC
78 78 78 177, CRC
147 147 147 108, CRC
75 75 75 75, CRC
0 0 0 0, CRC
40 40 40 40, CRC
88 88 88 88, CRC
128 128 128 128, CRC
214 214 214 214, CRC
216 216 216 216, CRC
28 28 28 28, CRC
101 101 101 101, CRC
68 68 68 68, CRC
51 51 51 51, CRC
204 204 204 204, CRC
215 215 215 215, CRC
217 217 217 217, CRC
61 61 61 194, CRC
151 151 151 104, CRC
152 152 152 103, CRC
104 104 104 151, CRC
124 124 124 131, CRC
105 105 105 150, CRC
213 213 213 213, CRC
102 102 102 153, CRC
147 147 147 147, CRC
213 213 213 213, CRC
127 127 127 128, CRC
7 7 7 7, CRC
88 88 88 167, CRC
95 95 95 160, CRC
93 93 93 162, CRC
232 232 232 23, CRC
210 210 210 45, CRC
188 188 188 4, CRC
207 207 207 207, CRC
138 138 138 138, CRC
55 55 55 55, CRC
146 146 146 146, CRC
212 212 212 212, CRC
165 165 165 165, CRC
38 38 38 38, CRC
88 88 88 88, CRC
100 100 100 100, CRC
225 225 225 225, CRC
24 24 24 24, CRC
227 227 227 227, CRC
191 191 191 191, CRC
148 148 148 107, CRC
112 112 112 143, CRC
136 136 136 119, CRC
233 233 233 22, CRC
115 115 115 140, CRC
32 32 32 223, CRC
67 67 67 188, CRC
57 57 57 198, CRC
182 182 182 73, CRC
61 61 61 194, CRC
44 44 44 211, CRC
64 64 64 191, CRC
85 85 85 170, CRC
121 121 121 134, CRC
56 56 56 199, CRC
124 124 124 131, CRC
253 253 253 2, CRC
216 216 216 39, CRC
33 33 33 222, CRC
202 202 202 53, CRC
8 8 8 8, CRC
0 0 0 0, CRC
220 220 220 220, CRC
5 5 5 5, CRC
227 227 227 227, CRC
156 156 156 156, CRC
0 0 0 0, CRC
207 207 207 207, CRC
219 219 219 219, CRC
188 188 188 188, CRC
108 108 108 108, CRC
57 57 57 57, CRC
82 82 82 82, CRC
172 172 172 126, CRC
78 78 78 177, CRC
58 58 58 197, CRC
128 128 128 127, CRC
131 131 131 124, CRC
106 106 106 149, CRC
118 118 118 118, CRC
167 167 167 88, CRC
222 222 222 222, CRC
35 35 35 35, CRC
48 48 48 207, CRC
150 150 150 150, CRC
181 181 181 74, CRC
168 168 168 87, CRC
45 45 45 210, CRC
154 154 154 101, CRC
226 226 226 29, CRC
0 0 0 0, CRC
66 66 66 66, CRC
57 57 57 57, CRC
54 54 54 54, CRC
25 25 25 25, CRC
124 124 124 124, CRC
220 220 220 220, CRC
107 107 107 107, CRC
232 232 232 232, CRC
240 240 240 240, CRC
164 164 164 164, CRC
46 46 46 46, CRC
20 20 20 20, CRC
199 199 199 56, CRC
61 61 61 194, CRC
207 207 207 48, CRC
191 191 191 64, CRC
224 224 224 31, CRC
162 162 162 93, CRC
101 101 101 154, CRC
71 71 71 184, CRC
20 20 20 235, CRC
252 252 252 3, CRC
34 34 34 221, CRC
240 240 240 15, CRC
103 103 103 152, CRC
177 177 177 78, CRC
43 43 43 212, CRC
153 153 153 102, CRC
45 45 45 210, CRC
153 153 153 102, CRC
193 193 193 62, CRC
67 67 67 188, CRC
208 208 208 47, CRC
247 247 247 8, CRC
231 231 231 231, CRC
76 76 76 76, CRC
183 183 183 183, CRC
173 173 173 173, CRC
98 98 98 98, CRC
99 99 99 99, CRC
202 202 202 202, CRC
100 100 100 100, CRC
188 188 188 188, CRC
48 48 48 48, CRC
84 84 84 84, CRC
245 245 245 245, CRC
114 114 114 114, CRC
84 84 84 171, CRC
247 247 247 8, CRC
198 198 198 57, CRC
150 150 150 105, CRC
164 164 164 91, CRC
168 168 168 168, CRC
175 175 175 80, CRC
242 242 242 242, CRC
234 234 234 234, CRC
203 203 203 52, CRC
51 51 51 51, CRC
222 222 222 33, CRC
186 186 186 69, CRC
41 41 41 214, CRC
238 238 238 17, CRC
176 176 176 79, CRC
107 107 107 107, CRC
48 48 48 48, CRC
24 24 24 24, CRC
6 6 6 6, CRC
192 192 192 192, CRC
166 166 166 166, CRC
249 249 249 249, CRC
217 217 217 217, CRC
38 38 38 38, CRC
129 129 129 129, CRC
114 114 114 114, CRC
118 118 118 118, CRC
140 140 140 115, CRC
116 116 116 139, CRC
25 25 25 230, CRC
182 182 182 73, CRC
37 37 37 218, CRC
49 49 49 206, CRC
26 26 26 229, CRC
59 59 59 196, CRC
18 18 18 237, CRC
199 199 199 46, CRC
155 155 155 100, CRC
90 90 90 165, CRC
174 174 174 81, CRC
2 2 2 253, CRC
241 241 241 24, CRC
254 254 254 1, CRC
250 250 250 5, CRC
219 219 219 36, CRC
167 167 167 88, CRC
72 72 72 183, CRC
163 163 163 92, CRC
125 125 125 130, CRC
76 76 76 179, CRC
71 71 71 184, CRC
72 72 72 72, CRC
16 16 16 16, CRC
212 212 212 212, CRC
183 183 183 183, CRC
84 84 84 84, CRC
216 216 216 216, CRC
65 65 65 65, CRC
180 180 180 180, CRC
137 137 137 137, CRC
75 75 75 75, CRC
162 162 162 162, CRC
7 7 7 7, CRC
254 254 254 1, CRC
246 246 246 9, CRC
181 181 181 74, CRC
67 67 67 188, CRC
93 93 93 162, CRC
250 250 250 250, CRC
48 48 48 207, CRC
42 42 42 42, CRC
189 189 189 189, CRC
27 27 27 228, CRC
123 123 123 132, CRC
201 201 201 54, CRC
80 80 80 175, CRC
87 87 87 168, CRC
32 32 32 223, CRC
12 12 12 243, CRC
43 43 43 43, CRC
201 201 201 201, CRC
83 83 83 83, CRC
220 220 220 220, CRC
125 125 125 125, CRC
149 149 149 149, CRC
2 2 2 2, CRC
83 83 83 83, CRC
106 106 106 106, CRC
113 113 113 113, CRC
211 211 211 211, CRC
39 39 39 216, CRC
47 47 47 208, CRC
169 169 169 86, CRC
252 252 252 3, CRC
173 173 173 82, CRC
182 182 182 73, CRC
27 27 27 228, CRC
37 37 37 218, CRC
200 200 200 55, CRC
55 55 55 55, CRC
18 18 18 251, CRC
222 222 222 33, CRC
218 218 218 37, CRC
246 246 246 9, CRC
57 57 57 198, CRC
203 203 203 34, CRC
233 233 233 233, CRC
137 137 137 118, CRC
215 215 215 40, CRC
155 155 155 100, CRC
212 212 212 43, CRC
244 244 244 11, CRC
191 191 191 64, CRC
71 71 71 184, CRC
67 67 67 188, CRC
146 146 146 109, CRC
252 252 252 252, CRC
85 85 85 85, CRC
227 227 227 227, CRC
80 80 80 80, CRC
70 70 70 70, CRC
183 183 183 183, CRC
70 70 70 70, CRC
63 63 63 63, CRC
25 25 25 25, CRC
230 230 230 230, CRC
58 58 58 58, CRC
211 211 211 44, CRC
4 4 4 251, CRC
244 244 244 11, CRC
125 125 125 130, CRC
252 252 252 3, CRC
195 195 195 60, CRC
39 39 39 216, CRC
80 80 80 80, CRC
34 34 34 34, CRC
22 22 22 233, CRC
71 71 71 71, CRC
32 32 32 223, CRC
240 240 240 240, CRC
169 169 169 86, CRC
163 163 163 163, CRC
78 78 78 177, CRC
229 229 229 229, CRC
90 90 90 90, CRC
54 54 54 54, CRC
184 184 184 184, CRC
84 84 84 84, CRC
246 246 246 246, CRC
18 18 18 18, CRC
37 37 37 37, CRC
115 115 115 115, CRC
160 160 160 160, CRC
28 28 28 28, CRC
35 35 35 220, CRC
172 172 172 83, CRC
110 110 110 145, CRC
101 101 101 154, CRC
59 59 59 196, CRC
199 199 199 56, CRC
115 115 115 140, CRC
215 215 215 40, CRC
200 200 200 200, CRC
96 96 96 96, CRC
152 152 152 113, CRC
189 189 189 66, CRC
228 228 228 27, CRC
108 108 108 147, CRC
57 57 57 198, CRC
228 228 228 13, CRC
131 131 131 131, CRC
233 233 233 233, CRC
164 164 164 91, CRC
58 58 58 197, CRC
143 143 143 112, CRC
50 50 50 205, CRC
14 14 14 241, CRC
48 48 48 207, CRC
116 116 116 139, CRC
83 83 83 172, CRC
202 202 202 202, CRC
245 245 245 245, CRC
2 2 2 2, CRC
221 221 221 221, CRC
193 193 193 193, CRC
78 78 78 78, CRC
226 226 226 226, CRC
40 40 40 40, CRC
204 204 204 204, CRC
117 117 117 117, CRC
156 156 156 156, CRC
184 184 184 71, CRC
110 110 110 110, CRC
212 212 212 43, CRC
252 252 252 252, CRC
44 44 44 211, CRC
9 9 9 9, CRC
56 56 56 199, CRC
86 86 86 86, CRC
140 140 140 140, CRC
102 102 102 153, CRC
85 85 85 85, CRC
180 180 180 75, CRC
73 73 73 73, CRC
251 251 251 4, CRC
220 220 220 220, CRC
117 117 117 138, CRC
14 14 14 14, CRC
192 192 192 192, CRC
245 245 245 245, CRC
125 125 125 125, CRC
106 106 106 106, CRC
154 154 154 154, CRC
115 115 115 115, CRC
199 199 199 199, CRC
138 138 138 138, CRC
5 5 5 5, CRC
17 17 17 17, CRC
44 44 44 44, CRC
131 131 131 124, CRC
13 13 13 242, CRC
107 107 107 148, CRC
120 120 120 135, CRC
110 110 110 145, CRC
225 225 225 30, CRC
243 243 243 243, CRC
122 122 122 122, CRC
201 201 201 201, CRC
249 249 249 16, CRC
245 245 245 10, CRC
75 75 75 180, CRC
82 82 82 173, CRC
23 23 23 232, CRC
121 121 121 144, CRC
57 57 57 57, CRC
9 9 9 9, CRC
96 96 96 96, CRC
74 74 74 181, CRC
134 134 134 121, CRC
84 84 84 171, CRC
107 107 107 148, CRC
21 21 21 234, CRC
60 60 60 195, CRC
116 116 116 116, CRC
205 205 205 205, CRC
188 188 188 188, CRC
42 42 42 42, CRC
122 122 122 122, CRC
245 245 245 245, CRC
90 90 90 90, CRC
8 8 8 8, CRC
224 224 224 224, CRC
10 10 10 10, CRC
213 213 213 213, CRC
243 243 243 243, CRC
127 127 127 128, CRC
123 123 123 123, CRC
117 117 117 138, CRC
165 165 165 165, CRC
107 107 107 148, CRC
114 114 114 114, CRC
188 188 188 67, CRC
49 49 49 49, CRC
111 111 111 111, CRC
253 253 253 2, CRC
234 234 234 21, CRC
245 245 245 10, CRC
221 221 221 34, CRC
78 78 78 177, CRC
67 67 67 188, CRC
94 94 94 161, CRC
62 62 62 62, CRC
139 139 139 139, CRC
4 4 4 4, CRC
231 231 231 231, CRC
123 123 123 123, CRC
137 137 137 137, CRC
155 155 155 155, CRC
53 53 53 53, CRC
95 95 95 95, CRC
165 165 165 165, CRC
188 188 188 188, CRC
157 157 157 157, CRC
118 118 118 118, CRC
25 25 25 230, CRC
187 187 187 68, CRC
33 33 33 222, CRC
110 110 110 145, CRC
147 147 147 147, CRC
244 244 244 244, CRC
89 89 89 89, CRC
149 149 149 149, CRC
161 161 161 72, CRC
67 67 67 188, CRC
9 9 9 246, CRC
178 178 178 77, CRC
158 158 158 97, CRC
208 208 208 57, CRC
46 46 46 46, CRC
222 222 222 222, CRC
38 38 38 38, CRC
189 189 189 189, CRC
103 103 103 152, CRC
76 76 76 179, CRC
14 14 14 241, CRC
44 44 44 211, CRC
210 210 210 210, CRC
173 173 173 173, CRC
137 137 137 137, CRC
177 177 177 177, CRC
239 239 239 239, CRC
175 175 175 175, CRC
92 92 92 92, CRC
61 61 61 61, CRC
7 7 7 7, CRC
254 254 254 254, CRC
197 197 197 197, CRC
203 203 203 203, CRC
7 7 7 7, CRC
238 238 238 17, CRC
157 157 157 98, CRC
75 75 75 180, CRC
48 48 48 207, CRC
215 215 215 40, CRC
28 28 28 227, CRC
241 241 241 14, CRC
134 134 134 134, CRC
53 53 53 53, CRC
23 23 23 232, CRC
101 101 101 101, CRC
70 70 70 185, CRC
108 108 108 147, CRC
47 47 47 208, CRC
126 126 126 129, CRC
53 53 53 202, CRC
5 5 5 5, CRC
138 138 138 138, CRC
206 206 206 206, CRC
96 96 96 96, CRC
141 141 141 141, CRC
93 93 93 93, CRC
143 143 143 143, CRC
5 5 5 5, CRC
194 194 194 194, CRC
241 241 241 241, CRC
34 34 34 34, CRC
64 64 64 64, CRC
179 179 179 179, CRC
108 108 108 108, CRC
196 196 196 59, CRC
165 165 165 90, CRC
208 208 208 208, CRC
191 191 191 191, CRC
105 105 105 105, CRC
237 237 237 237, CRC
153 153 153 153, CRC
150 150 150 127, CRC
210 210 210 45, CRC
40 40 40 215, CRC
132 132 132 123, CRC
102 102 102 153, CRC
109 109 109 132, CRC
120 120 120 120, CRC
46 46 46 46, CRC
128 128 128 128, CRC
206 206 206 206, CRC
254 254 254 254, CRC
83 83 83 172, CRC
230 230 230 25, CRC
181 181 181 181, CRC
91 91 91 91, CRC
87 87 87 87, CRC
163 163 163 163, CRC
119 119 119 119, CRC
213 213 213 213, CRC
11 11 11 11, CRC
235 235 235 235, CRC
37 37 37 37, CRC
166 166 166 166, CRC
132 132 132 132, CRC
89 89 89 89, CRC
177 177 177 177, CRC
194 194 194 194, CRC
133 133 133 122, CRC
60 60 60 195, CRC
170 170 170 85, CRC
168 168 168 87, CRC
181 181 181 74, CRC
206 206 206 206, CRC
39 39 39 216, CRC
84 84 84 84, CRC
130 130 130 130, CRC
41 41 41 214, CRC
186 186 186 186, CRC
155 155 155 100, CRC
227 227 227 28, CRC
149 149 149 106, CRC
132 132 132 123, CRC
130 130 130 125, CRC
197 197 197 197, CRC
147 147 147 147, CRC
60 60 60 60, CRC
10 10 10 10, CRC
164 164 164 164, CRC
193 193 193 193, CRC
35 35 35 35, CRC
222 222 222 222, CRC
70 70 70 70, CRC
110 110 110 110, CRC
55 55 55 55, CRC
73 73 73 73, CRC
60 60 60 60, CRC
10 10 10 10, CRC
116 116 116 116, CRC
31 31 31 31, CRC
226 226 226 226, CRC
142 142 142 142, CRC
166 166 166 166, CRC
137 137 137 137, CRC
153 153 153 153, CRC
32 32 32 201, CRC
54 54 54 201, CRC
72 72 72 183, CRC
71 71 71 184, CRC
221 221 221 34, CRC
110 110 110 135, CRC
42 42 42 42, CRC
93 93 93 93, CRC
129 129 129 129, CRC
221 221 221 221, CRC
150 150 150 150, CRC
216 216 216 216, CRC
200 200 200 200, CRC
20 20 20 20, CRC
53 53 53 53, CRC
134 134 134 134, CRC
245 245 245 245, CRC
147 147 147 147, CRC
24 24 24 24, CRC
152 152 152 152, CRC
19 19 19 19, CRC
221 221 221 221, CRC
223 223 223 223, CRC
126 126 126 126, CRC
67 67 67 67, CRC
201 201 201 201, CRC
32 32 32 32, CRC
139 139 139 116, CRC
105 105 105 150, CRC
138 138 138 117, CRC
183 183 183 72, CRC
251 251 251 4, CRC
224 224 224 224, CRC
91 91 91 164, CRC
191 191 191 191, CRC
64 64 64 64, CRC
95 95 95 160, CRC
33 33 33 33, CRC
116 116 116 139, CRC
254 254 254 1, CRC
197 197 197 58, CRC
113 113 113 142, CRC
253 253 253 2, CRC
164 164 164 24, CRC
86 86 86 86, CRC
194 194 194 194, CRC
47 47 47 47, CRC
58 58 58 58, CRC
102 102 102 102, CRC
62 62 62 62, CRC
144 144 144 144, CRC
29 29 29 29, CRC
144 144 144 144, CRC
185 185 185 185, CRC
163 163 163 163, CRC
111 111 111 111, CRC
62 62 62 62, CRC
52 52 52 52, CRC
127 127 127 127, CRC
26 26 26 26, CRC
187 187 187 187, CRC
1 1 1 1, CRC
136 136 136 136, CRC
24 24 24 24, CRC
187 187 187 82, CRC
22 22 22 233, CRC
220 220 220 35, CRC
67 67 67 188, CRC
119 119 119 136, CRC
60 60 60 213, CRC
125 125 125 125, CRC
193 193 193 193, CRC
104 104 104 104, CRC
145 145 145 145, CRC
203 203 203 203, CRC
15 15 15 15, CRC
140 140 140 140, CRC
220 220 220 220, CRC
28 28 28 28, CRC
148 148 148 148, CRC
133 133 133 133, CRC
59 59 59 59, CRC
188 188 188 188, CRC
37 37 37 37, CRC
214 214 214 214, CRC
19 19 19 19, CRC
59 59 59 59, CRC
136 136 136 136, CRC
55 55 55 55, CRC
38 38 38 38, CRC
104 104 104 212, CRC
238 238 238 17, CRC
24 24 24 231, CRC
232 232 232 23, CRC
49 49 49 206, CRC
173 173 173 82, CRC
50 50 50 50, CRC
120 120 120 135, CRC
29 29 29 29, CRC
66 66 66 66, CRC
66 66 66 189, CRC
27 27 27 27, CRC
220 220 220 35, CRC
115 115 115 140, CRC
126 126 126 129, CRC
95 95 95 160, CRC
53 53 53 202, CRC
132 132 132 123, CRC
154 154 154 154, CRC
53 53 53 53, CRC
137 137 137 137, CRC
204 204 204 204, CRC
159 159 159 159, CRC
53 53 53 53, CRC
22 22 22 22, CRC
186 186 186 186, CRC
49 49 49 49, CRC
19 19 19 19, CRC
4 4 4 4, CRC
169 169 169 169, CRC
64 64 64 64, CRC
46 46 46 46, CRC
122 122 122 122, CRC
209 209 209 209, CRC
247 247 247 247, CRC
118 118 118 118, CRC
204 204 204 204, CRC
109 109 109 109, CRC
34 34 34 203, CRC
106 106 106 149, CRC
0 0 0 255, CRC
149 149 149 106, CRC
37 37 37 218, CRC
140 140 140 101, CRC
59 59 59 59, CRC
244 244 244 244, CRC
27 27 27 27, CRC
249 249 249 249, CRC
95 95 95 95, CRC
122 122 122 122, CRC
210 210 210 210, CRC
240 240 240 240, CRC
16 16 16 16, CRC
7 7 7 7, CRC
253 253 253 253, CRC
155 155 155 155, CRC
105 105 105 105, CRC
128 128 128 128, CRC
63 63 63 63, CRC
135 135 135 135, CRC
177 177 177 177, CRC
127 127 127 127, CRC
41 41 41 41, CRC
249 249 249 249, CRC
18 18 18 237, CRC
225 225 225 30, CRC
59 59 59 196, CRC
113 113 113 142, CRC
205 205 205 50, CRC
62 62 62 193, CRC
49 49 49 49, CRC
9 9 9 246, CRC
242 242 242 242, CRC
209 209 209 209, CRC
243 243 243 12, CRC
123 123 123 123, CRC
4 4 4 251, CRC
210 210 210 45, CRC
200 200 200 55, CRC
54 54 54 201, CRC
75 75 75 180, CRC
67 67 67 188, CRC
169 169 169 169, CRC
135 135 135 135, CRC
125 125 125 125, CRC
58 58 58 58, CRC
39 39 39 39, CRC
126 126 126 126, CRC
49 49 49 49, CRC
144 144 144 144, CRC
164 164 164 164, CRC
142 142 142 142, CRC
76 76 76 76, CRC
43 43 43 43, CRC
70 70 70 70, CRC
199 199 199 199, CRC
111 111 111 111, CRC
161 161 161 161, CRC
223 223 223 223, CRC
23 23 23 23, CRC
21 21 21 21, CRC
21 21 21 21, CRC
214 214 214 63, CRC
182 182 182 73, CRC
143 143 143 112, CRC
218 218 218 37, CRC
203 203 203 52, CRC
119 119 119 158, CRC
60 60 60 60, CRC
254 254 254 254, CRC
62 62 62 62, CRC
154 154 154 154, CRC
200 200 200 200, CRC
227 227 227 227, CRC
83 83 83 83, CRC
85 85 85 85, CRC
12 12 12 12, CRC
252 252 252 252, CRC
172 172 172 172, CRC
31 31 31 31, CRC
208 208 208 208, CRC
148 148 148 148, CRC
222 222 222 222, CRC
96 96 96 96, CRC
190 190 190 190, CRC
174 174 174 174, CRC
14 14 14 14, CRC
112 112 112 112, CRC
198 198 198 57, CRC
90 90 90 165, CRC
32 32 32 223, CRC
39 39 39 216, CRC
183 183 183 72, CRC
32 32 32 223, CRC
166 166 166 166, CRC
216 216 216 39, CRC
251 251 251 251, CRC
65 65 65 65, CRC
95 95 95 160, CRC
239 239 239 239, CRC
80 80 80 175, CRC
203 203 203 52, CRC
212 212 212 43, CRC
93 93 93 162, CRC
228 228 228 27, CRC
52 52 52 203, CRC
168 168 168 168, CRC
235 235 235 235, CRC
52 52 52 52, CRC
162 162 162 162, CRC
70 70 70 70, CRC
84 84 84 84, CRC
232 232 232 232, CRC
126 126 126 126, CRC
150 150 150 150, CRC
176 176 176 176, CRC
140 140 140 140, CRC
98 98 98 98, CRC
231 231 231 231, CRC
8 8 8 8, CRC
48 48 48 48, CRC
121 121 121 121, CRC
169 169 169 169, CRC
89 89 89 89, CRC
97 97 97 97, CRC
116 116 116 116, CRC
113 113 113 152, CRC
98 98 98 157, CRC
177 177 177 78, CRC
240 240 240 15, CRC
51 51 51 204, CRC
157 157 157 116, CRC
202 202 202 202, CRC
71 71 71 71, CRC
232 232 232 232, CRC
196 196 196 196, CRC
140 140 140 140, CRC
227 227 227 227, CRC
153 153 153 153, CRC
105 105 105 105, CRC
146 146 146 146, CRC
133 133 133 133, CRC
58 58 58 58, CRC
219 219 219 219, CRC
125 125 125 125, CRC
58 58 58 58, CRC
255 255 255 255, CRC
84 84 84 84, CRC
151 151 151 151, CRC
50 50 50 50, CRC
219 219 219 219, CRC
188 188 188 188, CRC
160 160 160 95, CRC
85 85 85 170, CRC
134 134 134 121, CRC
25 25 25 230, CRC
151 151 151 104, CRC
163 163 163 92, CRC
29 29 29 29, CRC
151 151 151 104, CRC
153 153 153 153, CRC
81 81 81 81, CRC
225 225 225 30, CRC
66 66 66 66, CRC
146 146 146 109, CRC
233 233 233 22, CRC
180 180 180 75, CRC
45 45 45 210, CRC
203 203 203 52, CRC
190 190 190 65, CRC
60 60 60 132, CRC
79 79 79 79, CRC
246 246 246 246, CRC
118 118 118 118, CRC
252 252 252 252, CRC
227 227 227 227, CRC
221 221 221 221, CRC
95 95 95 95, CRC
186 186 186 186, CRC
150 150 150 150, CRC
172 172 172 172, CRC
176 176 176 176, CRC
154 154 154 154, CRC
178 178 178 178, CRC
78 78 78 78, CRC
64 64 64 64, CRC
142 142 142 142, CRC
24 24 24 24, CRC
19 19 19 19, CRC
211 211 211 211, CRC
211 211 211 58, CRC
178 178 178 77, CRC
81 81 81 174, CRC
118 118 118 137, CRC
186 186 186 69, CRC
74 74 74 163, CRC
149 149 149 149, CRC
43 43 43 43, CRC
35 35 35 35, CRC
36 36 36 36, CRC
11 11 11 11, CRC
234 234 234 234, CRC
216 216 216 216, CRC
238 238 238 238, CRC
98 98 98 98, CRC
140 140 140 140, CRC
209 209 209 209, CRC
221 221 221 221, CRC
196 196 196 196, CRC
128 128 128 128, CRC
246 246 246 246, CRC
212 212 212 212, CRC
195 195 195 195, CRC
158 158 158 158, CRC
234 234 234 234, CRC
139 139 139 55, CRC
152 152 152 103, CRC
182 182 182 73, CRC
127 127 127 128, CRC
236 236 236 19, CRC
190 190 190 65, CRC
7 7 7 248, CRC
3 3 3 3, CRC
239 239 239 16, CRC
95 95 95 95, CRC
152 152 152 152, CRC
191 191 191 64, CRC
160 160 160 160, CRC
222 222 222 33, CRC
142 142 142 113, CRC
13 13 13 242, CRC
110 110 110 145, CRC
253 253 253 2, CRC
145 145 145 110, CRC
112 112 112 143, CRC
44 44 44 44, CRC
151 151 151 151, CRC
160 160 160 160, CRC
7 7 7 7, CRC
106 106 106 106, CRC
20 20 20 20, CRC
134 134 134 134, CRC
104 104 104 104, CRC
195 195 195 195, CRC
130 130 130 130, CRC
171 171 171 171, CRC
68 68 68 68, CRC
207 207 207 207, CRC
8 8 8 8, CRC
19 19 19 19, CRC
251 251 251 251, CRC
147 147 147 147, CRC
61 61 61 61, CRC
248 248 248 248, CRC
203 203 203 34, CRC
119 119 119 136, CRC
96 96 96 159, CRC
84 84 84 171, CRC
237 237 237 18, CRC
154 154 154 115, CRC
193 193 193 193, CRC
95 95 95 95, CRC
156 156 156 156, CRC
22 22 22 22, CRC
64 64 64 64, CRC
3 3 3 3, CRC
141 141 141 141, CRC
140 140 140 140, CRC
182 182 182 182, CRC
218 218 218 218, CRC
187 187 187 187, CRC
212 212 212 212, CRC
37 37 37 37, CRC
243 243 243 243, CRC
243 243 243 243, CRC
198 198 198 198, CRC
52 52 52 52, CRC
211 211 211 211, CRC
92 92 92 92, CRC
155 155 155 100, CRC
136 136 136 119, CRC
165 165 165 90, CRC
69 69 69 186, CRC
157 157 157 98, CRC
56 56 56 199, CRC
76 76 76 179, CRC
67 67 67 67, CRC
35 35 35 220, CRC
217 217 217 217, CRC
219 219 219 219, CRC
116 116 116 139, CRC
69 69 69 69, CRC
30 30 30 225, CRC
62 62 62 193, CRC
36 36 36 219, CRC
76 76 76 179, CRC
237 237 237 18, CRC
146 146 146 109, CRC
211 211 211 44, CRC
3 3 3 191, CRC
170 170 170 170, CRC
108 108 108 108, CRC
48 48 48 48, CRC
217 217 217 217, CRC
14 14 14 14, CRC
34 34 34 34, CRC
243 243 243 243, CRC
103 103 103 103, CRC
11 11 11 11, CRC
117 117 117 117, CRC
108 108 108 108, CRC
115 115 115 115, CRC
240 240 240 240, CRC
54 54 54 54, CRC
154 154 154 154, CRC
23 23 23 23, CRC
63 63 63 63, CRC
94 94 94 94, CRC
2 2 2 235, CRC
105 105 105 150, CRC
251 251 251 4, CRC
194 194 194 61, CRC
210 210 210 45, CRC
184 184 184 81, CRC
220 220 220 220, CRC
212 212 212 212, CRC
15 15 15 15, CRC
177 177 177 177, CRC
140 140 140 140, CRC
57 57 57 57, CRC
86 86 86 86, CRC
229 229 229 229, CRC
194 194 194 194, CRC
55 55 55 55, CRC
7 7 7 7, CRC
106 106 106 106, CRC
127 127 127 127, CRC
161 161 161 161, CRC
202 202 202 202, CRC
68 68 68 68, CRC
144 144 144 144, CRC
61 61 61 61, CRC
34 34 34 234, CRC
138 138 138 117, CRC
68 68 68 187, CRC
209 209 209 46, CRC
159 159 159 96, CRC
184 184 184 71, CRC
117 117 117 138, CRC
176 176 176 79, CRC
185 185 185 185, CRC
115 115 115 140, CRC
243 243 243 243, CRC
103 103 103 103, CRC
68 68 68 187, CRC
37 37 37 37, CRC
96 96 96 159, CRC
234 234 234 21, CRC
165 165 165 90, CRC
78 78 78 177, CRC
26 26 26 229, CRC
117 117 117 138, CRC
23 23 23 232, CRC
95 95 95 160, CRC
145 145 145 145, CRC
77 77 77 77, CRC
170 170 170 170, CRC
57 57 57 57, CRC
52 52 52 52, CRC
65 65 65 65, CRC
211 211 211 211, CRC
155 155 155 155, CRC
102 102 102 102, CRC
64 64 64 64, CRC
193 193 193 193, CRC
40 40 40 40, CRC
196 196 196 196, CRC
120 120 120 120, CRC
183 183 183 183, CRC
34 34 34 34, CRC
241 241 241 241, CRC
29 29 29 29, CRC
223 223 223 54, CRC
14 14 14 241, CRC
22 22 22 233, CRC
217 217 217 38, CRC
248 248 248 7, CRC
78 78 78 167, CRC
103 103 103 103, CRC
171 171 171 171, CRC
106 106 106 106, CRC
114 114 114 114, CRC
83 83 83 83, CRC
243 243 243 243, CRC
85 85 85 85, CRC
20 20 20 20, CRC
208 208 208 208, CRC
78 78 78 78, CRC
169 169 169 169, CRC
165 165 165 165, CRC
23 23 23 23, CRC
16 16 16 16, CRC
125 125 125 125, CRC
192 192 192 192, CRC
144 144 144 144, CRC
50 50 50 50, CRC
65 65 65 190, CRC
148 148 148 107, CRC
200 200 200 55, CRC
184 184 184 71, CRC
162 162 162 93, CRC
56 56 56 199, CRC
80 80 80 175, CRC
188 188 188 67, CRC
189 189 189 189, CRC
202 202 202 53, CRC
158 158 158 158, CRC
174 174 174 174, CRC
221 221 221 34, CRC
56 56 56 56, CRC
195 195 195 60, CRC
134 134 134 121, CRC
217 217 217 38, CRC
151 151 151 104, CRC
72 72 72 183, CRC
136 136 136 119, CRC
15 15 15 240, CRC
73 73 73 182, CRC
142 142 142 25, CRC
185 185 185 185, CRC
151 151 151 151, CRC
51 51 51 51, CRC
154 154 154 154, CRC
38 38 38 38, CRC
40 40 40 40, CRC
16 16 16 16, CRC
2 2 2 2, CRC
102 102 102 102, CRC
157 157 157 157, CRC
112 112 112 112, CRC
107 107 107 107, CRC
35 35 35 35, CRC
108 108 108 108, CRC
125 125 125 125, CRC
124 124 124 124, CRC
137 137 137 137, CRC
209 209 209 56, CRC
126 126 126 129, CRC
63 63 63 192, CRC
168 168 168 87, CRC
159 159 159 96, CRC
60 60 60 213, CRC
215 215 215 215, CRC
182 182 182 182, CRC
25 25 25 25, CRC
174 174 174 174, CRC
5 5 5 5, CRC
90 90 90 90, CRC
91 91 91 91, CRC
145 145 145 145, CRC
141 141 141 141, CRC
145 145 145 145, CRC
9 9 9 9, CRC
177 177 177 177, CRC
211 211 211 211, CRC
153 153 153 153, CRC
138 138 138 138, CRC
219 219 219 219, CRC
99 99 99 99, CRC
111 111 111 199, CRC
71 71 71 184, CRC
54 54 54 201, CRC
211 211 211 44, CRC
208 208 208 47, CRC
174 174 174 81, CRC
142 142 142 113, CRC
149 149 149 106, CRC
111 111 111 144, CRC
144 144 144 144, CRC
158 158 158 97, CRC
205 205 205 205, CRC
7 7 7 7, CRC
12 12 12 243, CRC
97 97 97 97, CRC
197 197 197 58, CRC
39 39 39 216, CRC
27 27 27 228, CRC
10 10 10 245, CRC
20 20 20 235, CRC
226 226 226 29, CRC
226 226 226 29, CRC
148 148 148 107, CRC
192 192 192 63, CRC
201 201 201 201, CRC
192 192 192 192, CRC
36 36 36 36, CRC
38 38 38 38, CRC
109 109 109 109, CRC
81 81 81 81, CRC
187 187 187 187, CRC
55 55 55 55, CRC
147 147 147 147, CRC
198 198 198 198, CRC
181 181 181 181, CRC
213 213 213 213, CRC
250 250 250 250, CRC
184 184 184 184, CRC
123 123 123 123, CRC
71 71 71 71, CRC
64 64 64 64, CRC
100 100 100 141, CRC
204 204 204 51, CRC
179 179 179 76, CRC
22 22 22 233, CRC
10 10 10 245, CRC
242 242 242 27, CRC
202 202 202 202, CRC
19 19 19 19, CRC
56 56 56 56, CRC
4 4 4 4, CRC
219 219 219 219, CRC
158 158 158 158, CRC
192 192 192 192, CRC
174 174 174 174, CRC
127 127 127 127, CRC
118 118 118 118, CRC
254 254 254 254, CRC
250 250 250 250, CRC
1 1 1 1, CRC
238 238 238 238, CRC
209 209 209 209, CRC
212 212 212 212, CRC
68 68 68 68, CRC
89 89 89 166, CRC
132 132 132 123, CRC
194 194 194 61, CRC
161 161 161 94, CRC
105 105 105 150, CRC
226 226 226 29, CRC
158 158 158 97, CRC
240 240 240 15, CRC
14 14 14 241, CRC
82 82 82 82, CRC
86 86 86 169, CRC
57 57 57 57, CRC
96 96 96 96, CRC
192 192 192 63, CRC
132 132 132 132, CRC
236 236 236 19, CRC
185 185 185 70, CRC
233 233 233 22, CRC
5 5 5 250, CRC
10 10 10 245, CRC
54 54 54 201, CRC
79 79 79 176, CRC
181 181 181 74, CRC
204 204 204 51, CRC
140 140 140 115, CRC
50 50 50 50, CRC
125 125 125 125, CRC
226 226 226 226, CRC
104 104 104 104, CRC
173 173 173 173, CRC
13 13 13 13, CRC
59 59 59 59, CRC
173 173 173 173, CRC
219 219 219 219, CRC
196 196 196 196, CRC
2 2 2 2, CRC
40 40 40 40, CRC
250 250 250 250, CRC
61 61 61 61, CRC
201 201 201 201, CRC
67 67 67 67, CRC
29 29 29 244, CRC
197 197 197 58, CRC
212 212 212 43, CRC
197 197 197 58, CRC
235 235 235 20, CRC
38 38 38 207, CRC
71 71 71 71, CRC
213 213 213 213, CRC
203 203 203 203, CRC
124 124 124 124, CRC
122 122 122 122, CRC
82 82 82 82, CRC
18 18 18 18, CRC
190 190 190 190, CRC
63 63 63 63, CRC
216 216 216 216, CRC
9 9 9 9, CRC
201 201 201 201, CRC
8 8 8 8, CRC
139 139 139 139, CRC
154 154 154 154, CRC
193 193 193 193, CRC
37 37 37 218, CRC
171 171 171 84, CRC
120 120 120 135, CRC
16 16 16 239, CRC
255 255 255 0, CRC
94 94 94 161, CRC
64 64 64 191, CRC
23 23 23 232, CRC
237 237 237 18, CRC
172 172 172 83, CRC
74 74 74 74, CRC
32 32 32 223, CRC
28 28 28 28, CRC
145 145 145 145, CRC
242 242 242 13, CRC
51 51 51 51, CRC
94 94 94 161, CRC
158 158 158 97, CRC
42 42 42 213, CRC
222 222 222 33, CRC
6 6 6 249, CRC
155 155 155 100, CRC
9 9 9 246, CRC
116 116 116 139, CRC
190 190 190 65, CRC
108 108 108 147, CRC
92 92 92 224, CRC
248 248 248 248, CRC
90 90 90 90, CRC
11 11 11 11, CRC
246 246 246 246, CRC
121 121 121 121, CRC
115 115 115 115, CRC
166 166 166 166, CRC
121 121 121 121, CRC
34 34 34 34, CRC
83 83 83 83, CRC
183 183 183 183, CRC
45 45 45 45, CRC
152 152 152 152, CRC
169 169 169 169, CRC
109 109 109 109, CRC
116 116 116 157, CRC
12 12 12 243, CRC
219 219 219 36, CRC
49 49 49 206, CRC
101 101 101 154, CRC
76 76 76 165, CRC
73 73 73 73, CRC
49 49 49 49, CRC
68 68 68 68, CRC
233 233 233 233, CRC
177 177 177 177, CRC
236 236 236 236, CRC
18 18 18 18, CRC
51 51 51 51, CRC
31 31 31 31, CRC
194 194 194 194, CRC
38 38 38 38, CRC
177 177 177 177, CRC
123 123 123 123, CRC
218 218 218 218, CRC
130 130 130 130, CRC
62 62 62 241, CRC
150 150 150 105, CRC
131 131 131 124, CRC
190 190 190 65, CRC
113 113 113 142, CRC
247 247 247 8, CRC
81 81 81 174, CRC
47 47 47 208, CRC
232 232 232 23, CRC
164 164 164 91, CRC
84 84 84 171, CRC
230 230 230 230, CRC
230 230 230 25, CRC
162 162 162 162, CRC
178 178 178 178, CRC
16 16 16 239, CRC
44 44 44 44, CRC
54 54 54 201, CRC
131 131 131 124, CRC
106 106 106 149, CRC
163 163 163 92, CRC
228 228 228 27, CRC
249 249 249 6, CRC
180 180 180 75, CRC
228 228 228 27, CRC
126 126 126 129, CRC
148 148 148 107, CRC
88 88 88 167, CRC
149 149 149 106, CRC
117 117 117 117, CRC
188 188 188 188, CRC
45 45 45 45, CRC
36 36 36 36, CRC
50 50 50 50, CRC
54 54 54 54, CRC
153 153 153 153, CRC
243 243 243 243, CRC
165 165 165 165, CRC
146 146 146 146, CRC
100 100 100 100, CRC
122 122 122 122, CRC
31 31 31 31, CRC
152 152 152 152, CRC
29 29 29 29, CRC
77 77 77 77, CRC
168 168 168 168, CRC
173 173 173 173, CRC
131 131 131 131, CRC
187 187 187 187, CRC
27 27 27 27, CRC
103 103 103 103, CRC
77 77 77 77, CRC
43 43 43 43, CRC
98 98 98 98, CRC
197 197 197 197, CRC
148 148 148 148, CRC
221 221 221 221, CRC
228 228 228 228, CRC
148 148 148 148, CRC
83 83 83 83, CRC
219 219 219 219, CRC
56 56 56 56, CRC
205 205 205 205, CRC
114 114 114 141, CRC
156 156 156 99, CRC
97 97 97 158, CRC
236 236 236 19, CRC
71 71 71 184, CRC
170 170 170 85, CRC
109 109 109 146, CRC
113 113 113 142, CRC
213 213 213 42, CRC
158 158 158 97, CRC
134 134 134 121, CRC
39 39 39 216, CRC
34 34 34 34, CRC
27 27 27 228, CRC
133 133 133 133, CRC
95 95 95 95, CRC
215 215 215 40, CRC
107 107 107 107, CRC
141 141 141 114, CRC
124 124 124 131, CRC
121 121 121 134, CRC
219 219 219 36, CRC
241 241 241 14, CRC
115 115 115 140, CRC
1 1 1 254, CRC
227 227 227 28, CRC
244 244 244 11, CRC
185 185 185 70, CRC
43 43 43 212, CRC
169 169 169 86, CRC
101 101 101 154, CRC
236 236 236 236, CRC
186 186 186 186, CRC
247 247 247 247, CRC
105 105 105 105, CRC
198 198 198 198, CRC
1 1 1 1, CRC
167 167 167 167, CRC
4 4 4 4, CRC
149 149 149 149, CRC
227 227 227 227, CRC
51 51 51 51, CRC
13 13 13 13, CRC
57 57 57 57, CRC
235 235 235 235, CRC
216 216 216 216, CRC
50 50 50 50, CRC
50 50 50 50, CRC
37 37 37 37, CRC
178 178 178 178, CRC
92 92 92 92, CRC
103 103 103 103, CRC
160 160 160 160, CRC
130 130 130 130, CRC
121 121 121 121, CRC
147 147 147 147, CRC
60 60 60 60, CRC
86 86 86 86, CRC
126 126 126 126, CRC
1 1 1 1, CRC
51 51 51 51, CRC
70 70 70 70, CRC
243 243 243 243, CRC
81 81 81 174, CRC
154 154 154 101, CRC
39 39 39 216, CRC
121 121 121 134, CRC
207 207 207 48, CRC
30 30 30 225, CRC
9 9 9 246, CRC
109 109 109 146, CRC
43 43 43 212, CRC
1 1 1 254, CRC
202 202 202 53, CRC
191 191 191 64, CRC
248 248 248 7, CRC
168 168 168 168, CRC
17 17 17 238, CRC
234 234 234 234, CRC
65 65 65 65, CRC
112 112 112 143, CRC
159 159 159 159, CRC
247 247 247 8, CRC
119 119 119 136, CRC
238 238 238 17, CRC
191 191 191 64, CRC
175 175 175 80, CRC
193 193 193 62, CRC
239 239 239 16, CRC
210 210 210 45, CRC
197 197 197 58, CRC
225 225 225 30, CRC
145 145 145 110, CRC
213 213 213 42, CRC
16 16 16 239, CRC
131 131 131 63, CRC
59 59 59 59, CRC
107 107 107 107, CRC
39 39 39 39, CRC
75 75 75 75, CRC
248 248 248 248, CRC
218 218 218 218, CRC
24 24 24 24, CRC
108 108 108 108, CRC
83 83 83 83, CRC
34 34 34 34, CRC
87 87 87 87, CRC
31 31 31 31, CRC
138 138 138 138, CRC
31 31 31 31, CRC
223 223 223 223, CRC
163 163 163 163, CRC
108 108 108 108, CRC
233 233 233 233, CRC
119 119 119 119, CRC
4 4 4 4, CRC
161 161 161 161, CRC
81 81 81 81, CRC
137 137 137 137, CRC
85 85 85 85, CRC
155 155 155 155, CRC
179 179 179 179, CRC
18 18 18 18, CRC
192 192 192 192, CRC
9 9 9 9, CRC
137 137 137 137, CRC
192 192 192 8, CRC
95 95 95 160, CRC
18 18 18 237, CRC
221 221 221 34, CRC
32 32 32 223, CRC
174 174 174 81, CRC
201 201 201 54, CRC
232 232 232 23, CRC
23 23 23 232, CRC
99 99 99 156, CRC
98 98 98 157, CRC
181 181 181 74, CRC
185 185 185 70, CRC
12 12 12 243, CRC
118 118 118 118, CRC
197 197 197 58, CRC
203 203 203 203, CRC
123 123 123 123, CRC
180 180 180 75, CRC
206 206 206 206, CRC
26 26 26 229, CRC
248 248 248 7, CRC
157 157 157 98, CRC
22 22 22 233, CRC
4 4 4 251, CRC
1 1 1 254, CRC
104 104 104 151, CRC
109 109 109 146, CRC
196 196 196 59, CRC
249 249 249 6, CRC
77 77 77 178, CRC
62 62 62 193, CRC
5 5 5 250, CRC
173 173 173 82, CRC
211 211 211 44, CRC
36 36 36 36, CRC
93 93 93 93, CRC
206 206 206 206, CRC
38 38 38 38, CRC
223 223 223 223, CRC
68 68 68 68, CRC
132 132 132 132, CRC
49 49 49 49, CRC
179 179 179 179, CRC
208 208 208 208, CRC
184 184 184 184, CRC
232 232 232 232, CRC
59 59 59 59, CRC
82 82 82 82, CRC
40 40 40 40, CRC
42 42 42 42, CRC
253 253 253 253, CRC
225 225 225 225, CRC
34 34 34 34, CRC
153 153 153 153, CRC
162 162 162 162, CRC
87 87 87 87, CRC
103 103 103 103, CRC
140 140 140 140, CRC
17 17 17 17, CRC
153 153 153 153, CRC
192 192 192 192, CRC
179 179 179 179, CRC
236 236 236 19, CRC
171 171 171 84, CRC
40 40 40 215, CRC
127 127 127 128, CRC
152 152 152 103, CRC
107 107 107 148, CRC
62 62 62 193, CRC
130 130 130 125, CRC
87 87 87 168, CRC
60 60 60 195, CRC
164 164 164 91, CRC
194 194 194 61, CRC
208 208 208 47, CRC
209 209 209 46, CRC
19 19 19 236, CRC
129 129 129 129, CRC
148 148 148 107, CRC
223 223 223 223, CRC
34 34 34 34, CRC
17 17 17 238, CRC
185 185 185 185, CRC
50 50 50 205, CRC
242 242 242 13, CRC
147 147 147 108, CRC
168 168 168 87, CRC
239 239 239 16, CRC
4 4 4 251, CRC
150 150 150 105, CRC
104 104 104 151, CRC
24 24 24 231, CRC
253 253 253 2, CRC
130 130 130 125, CRC
6 6 6 249, CRC
55 55 55 200, CRC
250 250 250 5, CRC
19 19 19 236, CRC
195 195 195 60, CRC
146 146 146 5, CRC
224 224 224 224, CRC
220 220 220 220, CRC
103 103 103 103, CRC
167 167 167 167, CRC
64 64 64 64, CRC
104 104 104 104, CRC
207 207 207 207, CRC
172 172 172 172, CRC
186 186 186 186, CRC
108 108 108 108, CRC
181 181 181 181, CRC
84 84 84 84, CRC
229 229 229 229, CRC
1 1 1 1, CRC
248 248 248 248, CRC
118 118 118 118, CRC
158 158 158 158, CRC
90 90 90 90, CRC
24 24 24 24, CRC
184 184 184 184, CRC
142 142 142 142, CRC
22 22 22 22, CRC
54 54 54 54, CRC
187 187 187 187, CRC
208 208 208 120, CRC
71 71 71 184, CRC
131 131 131 124, CRC
65 65 65 190, CRC
27 27 27 228, CRC
191 191 191 64, CRC
124 124 124 131, CRC
26 26 26 229, CRC
62 62 62 193, CRC
24 24 24 231, CRC
236 236 236 19, CRC
157 157 157 98, CRC
194 194 194 61, CRC
66 66 66 189, CRC
209 209 209 46, CRC
136 136 136 119, CRC
194 194 194 61, CRC
209 209 209 209, CRC
173 173 173 82, CRC
255 255 255 255, CRC
188 188 188 188, CRC
173 173 173 82, CRC
121 121 121 121, CRC
165 165 165 90, CRC
103 103 103 152, CRC
73 73 73 182, CRC
176 176 176 79, CRC
84 84 84 171, CRC
210 210 210 45, CRC
203 203 203 52, CRC
157 157 157 98, CRC
164 164 164 91, CRC
237 237 237 18, CRC
63 63 63 192, CRC
180 180 180 75, CRC
43 43 43 212, CRC
31 31 31 224, CRC
219 219 219 36, CRC
43 43 43 212, CRC
18 18 18 237, CRC
155 155 155 100, CRC
79 79 79 247, CRC
20 20 20 20, CRC
48 48 48 48, CRC
114 114 114 114, CRC
254 254 254 254, CRC
0 0 0 0, CRC
36 36 36 36, CRC
161 161 161 161, CRC
76 76 76 76, CRC
82 82 82 82, CRC
194 194 194 194, CRC
212 212 212 212, CRC
26 26 26 26, CRC
203 203 203 203, CRC
202 202 202 202, CRC
90 90 90 90, CRC
188 188 188 188, CRC
55 55 55 55, CRC
26 26 26 26, CRC
215 215 215 215, CRC
41 41 41 41, CRC
81 81 81 153, CRC
110 110 110 145, CRC
213 213 213 42, CRC
239 239 239 16, CRC
15 15 15 240, CRC
148 148 148 107, CRC
92 92 92 163, CRC
148 148 148 107, CRC
240 240 240 15, CRC
26 26 26 229, CRC
194 194 194 61, CRC
119 119 119 136, CRC
208 208 208 47, CRC
55 55 55 200, CRC
1 1 1 254, CRC
128 128 128 127, CRC
58 58 58 197, CRC
165 165 165 90, CRC
211 211 211 44, CRC
23 23 23 23, CRC
137 137 137 118, CRC
252 252 252 252, CRC
135 135 135 135, CRC
227 227 227 28, CRC
209 209 209 209, CRC
188 188 188 67, CRC
151 151 151 104, CRC
51 51 51 204, CRC
19 19 19 236, CRC
4 4 4 251, CRC
108 108 108 147, CRC
8 8 8 247, CRC
69 69 69 186, CRC
67 67 67 188, CRC
242 242 242 13, CRC
85 85 85 170, CRC
72 72 72 183, CRC
221 221 221 34, CRC
68 68 68 187, CRC
99 99 99 156, CRC
93 93 93 162, CRC
20 20 20 235, CRC
120 120 120 135, CRC
238 238 238 17, CRC
152 152 152 103, CRC
58 58 58 134, CRC
141 141 141 141, CRC
123 123 123 123, CRC
154 154 154 154, CRC
5 5 5 5, CRC
207 207 207 207, CRC
23 23 23 23, CRC
20 20 20 20, CRC
183 183 183 183, CRC
38 38 38 38, CRC
140 140 140 140, CRC
170 170 170 170, CRC
55 55 55 55, CRC
131 131 131 131, CRC
156 156 156 156, CRC
87 87 87 87, CRC
108 108 108 108, CRC
232 232 232 32, CRC
62 62 62 193, CRC
236 236 236 19, CRC
102 102 102 153, CRC
236 236 236 19, CRC
156 156 156 99, CRC
182 182 182 73, CRC
79 79 79 176, CRC
12 12 12 243, CRC
39 39 39 216, CRC
123 123 123 132, CRC
11 11 11 244, CRC
148 148 148 107, CRC
66 66 66 189, CRC
247 247 247 8, CRC
37 37 37 218, CRC
106 106 106 149, CRC
26 26 26 229, CRC
241 241 241 14, CRC
182 182 182 73, CRC
136 136 136 119, CRC
139 139 139 139, CRC
76 76 76 179, CRC
121 121 121 121, CRC
65 65 65 65, CRC
177 177 177 78, CRC
182 182 182 182, CRC
147 147 147 108, CRC
97 97 97 158, CRC
220 220 220 35, CRC
67 67 67 188, CRC
52 52 52 203, CRC
127 127 127 128, CRC
199 199 199 56, CRC
227 227 227 28, CRC
23 23 23 232, CRC
145 145 145 110, CRC
56 56 56 199, CRC
18 18 18 237, CRC
160 160 160 95, CRC
234 234 234 21, CRC
226 226 226 29, CRC
115 115 115 140, CRC
61 61 61 194, CRC
26 26 26 229, CRC
23 23 23 232, CRC
68 68 68 187, CRC
136 136 136 119, CRC
203 203 203 52, CRC
254 254 254 1, CRC
126 126 126 129, CRC
12 12 12 176, CRC
126 126 126 126, CRC
231 231 231 231, CRC
196 196 196 196, CRC
42 42 42 42, CRC
182 182 182 182, CRC
82 82 82 82, CRC
46 46 46 46, CRC
76 76 76 76, CRC
96 96 96 220, CRC
246 246 246 9, CRC
232 232 232 23, CRC
18 18 18 237, CRC
45 45 45 210, CRC
4 4 4 251, CRC
93 93 93 162, CRC
205 205 205 50, CRC
188 188 188 67, CRC
109 109 109 146, CRC
148 148 148 107, CRC
255 255 255 0, CRC
54 54 54 201, CRC
224 224 224 31, CRC
92 92 92 163, CRC
87 87 87 168, CRC
118 118 118 137, CRC
242 242 242 13, CRC
213 213 213 42, CRC
147 147 147 108, CRC
71 71 71 184, CRC
192 192 192 63, CRC
81 81 81 174, CRC
15 15 15 240, CRC
85 85 85 170, CRC
203 203 203 203, CRC
47 47 47 208, CRC
211 211 211 211, CRC
121 121 121 121, CRC
24 24 24 231, CRC
89 89 89 89, CRC
153 153 153 102, CRC
243 243 243 12, CRC
234 234 234 21, CRC
218 218 218 37, CRC
18 18 18 237, CRC
1 1 1 254, CRC
96 96 96 159, CRC
93 93 93 162, CRC
81 81 81 174, CRC
241 241 241 14, CRC
142 142 142 113, CRC
15 15 15 240, CRC
138 138 138 117, CRC
83 83 83 172, CRC
218 218 218 37, CRC
82 82 82 173, CRC
104 104 104 151, CRC
246 246 246 9, CRC
135 135 135 120, CRC
159 159 159 96, CRC
21 21 21 234, CRC
175 175 175 80, CRC
56 56 56 199, CRC
172 172 172 83, CRC
62 62 62 193, CRC
253 253 253 2, CRC
166 166 166 89, CRC
206 206 206 49, CRC
252 252 252 3, CRC
10 10 10 245, CRC
124 124 124 131, CRC
114 114 114 141, CRC
129 129 129 126, CRC
49 49 49 206, CRC
217 217 217 38, CRC
8 8 8 247, CRC
223 223 223 32, CRC
227 227 227 28, CRC
105 105 105 150, CRC
156 156 156 99, CRC
78 78 78 177, CRC
97 97 97 158, CRC
153 153 153 102, CRC
215 215 215 40, CRC
109 109 109 146, CRC
53 53 53 202, CRC
247 247 247 8, CRC
189 189 189 66, CRC
82 82 82 173, CRC
52 52 52 203, CRC
71 71 71 184, CRC
194 194 194 61, CRC
145 145 145 110, CRC
145 145 145 110, CRC
214 214 214 41, CRC
30 30 30 225, CRC
77 77 77 178, CRC
7 7 7 248, CRC
32 32 32 32, CRC
192 192 192 63, CRC
56 56 56 56, CRC
164 164 164 164, CRC
149 149 149 106, CRC
223 223 223 223, CRC
12 12 12 243, CRC
29 29 29 226, CRC
176 176 176 79, CRC
182 182 182 73, CRC
52 52 52 203, CRC
49 49 49 206, CRC
8 8 8 247, CRC
48 48 48 207, CRC
187 187 187 68, CRC
1 1 1 254, CRC
204 204 204 51, CRC
169 169 169 86, CRC
235 235 235 20, CRC
15 15 15 240, CRC
168 168 168 87, CRC
253 253 253 2, CRC
103 103 103 152, CRC
244 244 244 11, CRC
119 119 119 136, CRC
106 106 106 149, CRC
72 72 72 183, CRC
213 213 213 42, CRC
52 52 52 203, CRC
63 63 63 192, CRC
181 181 181 74, CRC
127 127 127 128, CRC
62 62 62 193, CRC
241 241 241 14, CRC
221 221 221 221, CRC
223 223 223 223, CRC
4 4 4 251, CRC
50 50 50 205, CRC
152 152 152 103, CRC
167 167 167 88, CRC
42 42 42 213, CRC
169 169 169 86, CRC
73 73 73 182, CRC
210 210 210 45, CRC
158 158 158 97, CRC
157 157 157 98, CRC
159 159 159 96, CRC
169 169 169 86, CRC
113 113 113 142, CRC
238 238 238 17, CRC
167 167 167 88, CRC
24 24 24 231, CRC
73 73 73 182, CRC
228 228 228 27, CRC
120 120 120 135, CRC
29 29 29 226, CRC
65 65 65 190, CRC
249 249 249 6, CRC
32 32 32 223, CRC
117 117 117 138, CRC
125 125 125 130, CRC
136 136 136 119, CRC
66 66 66 189, CRC
164 164 164 91, CRC
179 179 179 179, CRC
61 61 61 194, CRC
104 104 104 104, CRC
119 119 119 119, CRC
177 177 177 78, CRC
15 15 15 15, CRC
148 148 148 107, CRC
61 61 61 194, CRC
4 4 4 251, CRC
97 97 97 158, CRC
157 157 157 98, CRC
77 77 77 178, CRC
43 43 43 212, CRC
242 242 242 13, CRC
53 53 53 202, CRC
152 152 152 103, CRC
174 174 174 81, CRC
194 194 194 61, CRC
175 175 175 80, CRC
253 253 253 2, CRC
251 251 251 4, CRC
99 99 99 156, CRC
15 15 15 240, CRC
227 227 227 28, CRC
221 221 221 34, CRC
38 38 38 217, CRC
86 86 86 169, CRC
141 141 141 114, CRC
136 136 136 119, CRC
115 115 115 140, CRC
200 200 200 55, CRC
21 21 21 234, CRC
166 166 166 89, CRC
105 105 105 150, CRC
34 34 34 221, CRC
25 25 25 230, CRC
204 204 204 51, CRC
165 165 165 90, CRC
139 139 139 116, CRC
239 239 239 16, CRC
50 50 50 205, CRC
96 96 96 159, CRC
189 189 189 66, CRC
154 154 154 101, CRC
119 119 119 136, CRC
206 206 206 49, CRC
37 37 37 218, CRC
46 46 46 209, CRC
228 228 228 27, CRC
220 220 220 35, CRC
86 86 86 169, CRC
88 88 88 167, CRC
161 161 161 94, CRC
136 136 136 119, CRC
238 238 238 17, CRC
119 119 119 136, CRC
63 63 63 192, CRC
135 135 135 120, CRC
144 144 144 111, CRC
53 53 53 202, CRC
208 208 208 47, CRC
33 33 33 222, CRC
214 214 214 41, CRC
113 113 113 142, CRC
111 111 111 111, CRC
250 250 250 5, CRC
217 217 217 217, CRC
105 105 105 105, CRC
237 237 237 18, CRC
60 60 60 60, CRC
147 147 147 108, CRC
150 150 150 105, CRC
184 184 184 71, CRC
199 199 199 56, CRC
78 78 78 177, CRC
1 1 1 254, CRC
237 237 237 18, CRC
10 10 10 245, CRC
54 54 54 201, CRC
16 16 16 239, CRC
155 155 155 100, CRC
123 123 123 132, CRC
8 8 8 247, CRC
198 198 198 57, CRC
129 129 129 126, CRC
202 202 202 53, CRC
11 11 11 244, CRC
167 167 167 88, CRC
242 242 242 13, CRC
221 221 221 34, CRC
50 50 50 205, CRC
206 206 206 49, CRC
66 66 66 189, CRC
96 96 96 159, CRC
145 145 145 110, CRC
97 97 97 158, CRC
78 78 78 177, CRC
120 120 120 135, CRC
24 24 24 24, CRC
134 134 134 134, CRC
232 232 232 23, CRC
50 50 50 205, CRC
184 184 184 71, CRC
6 6 6 249, CRC
123 123 123 132, CRC
248 248 248 7, CRC
88 88 88 167, CRC
57 57 57 198, CRC
75 75 75 180, CRC
34 34 34 221, CRC
232 232 232 23, CRC
51 51 51 204, CRC
15 15 15 240, CRC
9 9 9 246, CRC
47 47 47 208, CRC
59 59 59 196, CRC
85 85 85 170, CRC
89 89 89 166, CRC
152 152 152 103, CRC
210 210 210 45, CRC
243 243 243 12, CRC
218 218 218 37, CRC
24 24 24 231, CRC
139 139 139 116, CRC
202 202 202 53, CRC
127 127 127 128, CRC
74 74 74 181, CRC
142 142 142 113, CRC
252 252 252 252, CRC
203 203 203 52, CRC
166 166 166 166, CRC
221 221 221 221, CRC
80 80 80 175, CRC
182 182 182 182, CRC
216 216 216 39, CRC
118 118 118 137, CRC
65 65 65 190, CRC
196 196 196 59, CRC
132 132 132 123, CRC
157 157 157 98, CRC
154 154 154 101, CRC
117 117 117 138, CRC
242 242 242 13, CRC
205 205 205 50, CRC
6 6 6 249, CRC
25 25 25 230, CRC
87 87 87 168, CRC
45 45 45 210, CRC
149 149 149 106, CRC
59 59 59 196, CRC
45 45 45 210, CRC
132 132 132 123, CRC
208 208 208 47, CRC
81 81 81 174, CRC
10 10 10 245, CRC
39 39 39 216, CRC
255 255 255 0, CRC
193 193 193 62, CRC
26 26 26 229, CRC
91 91 91 164, CRC
101 101 101 154, CRC
39 39 39 216, CRC
190 190 190 65, CRC
199 199 199 56, CRC
255 255 255 0, CRC
17 17 17 238, CRC
101 101 101 154, CRC
61 61 61 194, CRC
204 204 204 51, CRC
114 114 114 141, CRC
110 110 110 145, CRC
121 121 121 134, CRC
28 28 28 227, CRC
48 48 48 207, CRC
2 2 2 253, CRC
190 190 190 65, CRC
160 160 160 95, CRC
241 241 241 14, CRC
15 15 15 240, CRC
62 62 62 193, CRC
11 11 11 244, CRC
188 188 188 67, CRC
233 233 233 22, CRC
57 57 57 198, CRC
98 98 98 157, CRC
22 22 22 233, CRC
79 79 79 176, CRC
34 34 34 221, CRC
178 178 178 77, CRC
26 26 26 229, CRC
163 163 163 92, CRC
176 176 176 79, CRC
232 232 232 232, CRC
239 239 239 16, CRC
255 255 255 255, CRC
240 240 240 240, CRC
62 62 62 193, CRC
230 230 230 230, CRC
223 223 223 223, CRC
107 107 107 107, CRC
217 217 217 217, CRC
168 168 168 168, CRC
159 159 159 159, CRC
253 253 253 253, CRC
34 34 34 34, CRC
143 143 143 143, CRC
67 67 67 67, CRC
151 151 151 151, CRC
93 93 93 93, CRC
114 114 114 114, CRC
20 20 20 20, CRC
52 52 52 52, CRC
43 43 43 43, CRC
61 61 61 61, CRC
63 63 63 63, CRC
55 55 55 55, CRC
171 171 171 171, CRC
118 118 118 118, CRC
240 240 240 240, CRC
180 180 180 180, CRC
20 20 20 20, CRC
172 172 172 172, CRC
15 15 15 15, CRC
208 208 208 208, CRC
238 238 238 238, CRC
151 151 151 104, CRC
10 10 10 10, CRC
98 98 98 98, CRC
101 101 101 154, CRC
12 12 12 12, CRC
34 34 34 34, CRC
251 251 251 251, CRC
189 189 189 189, CRC
174 174 174 174, CRC
93 93 93 93, CRC
78 78 78 78, CRC
163 163 163 163, CRC
185 185 185 185, CRC
10 10 10 10, CRC
224 224 224 224, CRC
3 3 3 3, CRC
40 40 40 40, CRC
141 141 141 141, CRC
26 26 26 26, CRC
182 182 182 182, CRC
200 200 200 200, CRC
41 41 41 41, CRC
184 184 184 184, CRC
183 183 183 183, CRC
46 46 46 46, CRC
209 209 209 209, CRC
215 215 215 215, CRC
0 0 0 0, CRC
38 38 38 38, CRC
180 180 180 180, CRC
88 88 88 88, CRC
158 158 158 158, CRC
99 99 99 156, CRC
51 51 51 51, CRC
228 228 228 228, CRC
231 231 231 24, CRC
148 148 148 107, CRC
80 80 80 175, CRC
60 60 60 195, CRC
220 220 220 35, CRC
242 242 242 13, CRC
22 22 22 233, CRC
100 100 100 155, CRC
169 169 169 86, CRC
161 161 161 94, CRC
31 31 31 224, CRC
54 54 54 201, CRC
73 73 73 182, CRC
167 167 167 88, CRC
148 148 148 107, CRC
71 71 71 184, CRC
215 215 215 40, CRC
23 23 23 232, CRC
70 70 70 185, CRC
54 54 54 201, CRC
125 125 125 130, CRC
116 116 116 139, CRC
155 155 155 100, CRC
102 102 102 153, CRC
166 166 166 89, CRC
140 140 140 115, CRC
212 212 212 43, CRC
253 253 253 2, CRC
213 213 213 42, CRC
77 77 77 178, CRC
77 77 77 178, CRC
20 20 20 235, CRC
111 111 111 144, CRC
78 78 78 177, CRC
111 111 111 144, CRC
18 18 18 237, CRC
97 97 97 158, CRC
115 115 115 140, CRC
129 129 129 126, CRC
159 159 159 96, CRC
3 3 3 252, CRC
51 51 51 204, CRC
241 241 241 14, CRC
248 248 248 7, CRC
72 72 72 183, CRC
7 7 7 248, CRC
84 84 84 171, CRC
211 211 211 44, CRC
61 61 61 194, CRC
213 213 213 42, CRC
90 90 90 165, CRC
243 243 243 12, CRC
120 120 120 135, CRC
96 96 96 159, CRC
164 164 164 91, CRC
80 80 80 175, CRC
72 72 72 183, CRC
156 156 156 99, CRC
77 77 77 178, CRC
106 106 106 149, CRC
151 151 151 104, CRC
104 104 104 151, CRC
168 168 168 168, CRC
168 168 168 168, CRC
204 204 204 204, CRC
165 165 165 165, CRC
4 4 4 4, CRC
179 179 179 179, CRC
125 125 125 125, CRC
13 13 13 13, CRC
75 75 75 75, CRC
164 164 164 164, CRC
160 160 160 160, CRC
223 223 223 223, CRC
180 180 180 180, CRC
138 138 138 138, CRC
79 79 79 79, CRC
129 129 129 129, CRC
130 130 130 130, CRC
32 32 32 32, CRC
98 98 98 98, CRC
250 250 250 250, CRC
200 200 200 200, CRC
56 56 56 56, CRC
67 67 67 67, CRC
247 247 247 247, CRC
197 197 197 197, CRC
235 235 235 235, CRC
32 32 32 32, CRC
199 199 199 199, CRC
200 200 200 200, CRC
208 208 208 208, CRC
216 216 216 216, CRC
73 73 73 73, CRC
12 12 12 12, CRC
74 74 74 74, CRC
126 126 126 126, CRC
18 18 18 18, CRC
126 126 126 126, CRC
7 7 7 7, CRC
23 23 23 23, CRC
206 206 206 206, CRC
125 125 125 125, CRC
47 47 47 47, CRC
151 151 151 151, CRC
206 206 206 206, CRC
127 127 127 127, CRC
226 226 226 226, CRC
237 237 237 237, CRC
109 109 109 109, CRC
145 145 145 145, CRC
207 207 207 207, CRC
45 45 45 45, CRC
61 61 61 61, CRC
102 102 102 102, CRC
130 130 130 130, CRC
136 136 136 136, CRC
53 53 53 53, CRC
31 31 31 31, CRC
60 60 60 60, CRC
67 67 67 67, CRC
6 6 6 6, CRC
93 93 93 93, CRC
246 246 246 246, CRC
152 152 152 152, CRC
116 116 116 116, CRC
247 247 247 247, CRC
