116
0
37
249
81
171
63
39
7
161
173
150
252
147
246
126
189
145
152
173
111
241
50
19
146
76
31
237
203
34
214
121
75
250
236
82
122
81
61
53
10
235
89
190
196
21
235
188
87
251
75
140
104
152
36
217
24
74
37
73
191
100
9
177
138
129
30
159
116
211
195
26
80
188
36
41
219
244
27
16
51
86
187
160
255
177
36
72
27
101
6
95
227
90
136
29
203
102
17
53
148
38
60
127
38
94
132
57
172
140
247
243
47
126
184
244
166
6
198
94
90
109
46
32
34
139
82
71
184
20
58
252
182
123
234
171
194
152
160
161
182
13
24
108
151
200
100
28
207
90
19
42
27
11
6
229
255
250
127
183
215
144
69
27
230
16
155
13
25
32
33
43
176
196
113
1
8
255
68
178
75
221
207
169
173
236
215
47
51
60
217
248
222
209
75
25
110
60
201
144
26
173
94
199
255
64
189
132
231
242
8
48
195
45
215
84
238
35
39
48
74
116
170
167
253
107
99
166
27
175
77
30
18
20
93
59
242
148
215
37
193
255
201
249
212
38
140
174
144
19
6
31
180
148
5
14
180
101
206
4
203
45
141
111
222
124
139
8
104
134
92
100
162
95
38
21
68
210
138
188
12
140
86
2
89
79
91
128
229
38
61
242
69
183
58
182
164
130
123
31
198
125
201
248
241
140
167
134
59
175
135
252
134
212
25
10
141
63
185
110
13
63
47
123
17
5
145
45
163
69
196
113
107
44
233
121
60
219
49
20
233
5
121
132
70
236
86
163
155
191
167
220
89
56
2
129
220
202
116
243
154
38
172
77
109
224
1
102
252
202
214
241
179
36
171
232
43
117
135
185
47
144
253
190
197
202
169
70
131
55
253
152
165
200
112
198
242
156
150
208
93
18
99
107
134
162
136
119
223
95
50
52
184
81
143
38
34
219
153
148
244
57
18
172
159
35
245
193
9
196
231
252
106
234
193
13
101
145
50
49
155
124
226
26
122
100
123
13
70
239
135
180
193
206
169
54
47
57
52
15
172
141
239
129
150
146
192
28
94
77
41
106
173
49
25
1
113
214
159
89
252
125
253
182
159
179
35
167
81
24
32
176
123
37
49
73
12
35
227
163
69
130
60
254
137
201
126
225
225
89
22
123
168
4
238
69
181
43
192
213
215
242
0
17
57
116
109
33
80
169
44
114
168
38
68
237
179
23
1
148
144
212
196
184
25
247
251
227
84
107
243
45
78
220
208
41
52
188
42
99
10
182
209
120
130
50
38
15
229
245
98
68
86
73
189
198
234
36
194
211
89
15
136
187
151
122
4
108
119
119
76
84
186
232
235
249
121
215
155
101
221
15
165
82
110
164
162
40
251
57
0
235
121
146
233
204
143
23
199
83
72
107
113
20
251
20
88
39
87
36
57
111
48
96
162
198
213
33
174
59
102
52
11
21
188
89
230
231
39
226
120
241
64
114
49
27
6
29
102
77
223
251
207
228
182
129
172
162
94
200
170
69
174
149
145
156
123
89
227
118
252
193
166
126
69
185
233
204
158
255
19
141
24
163
48
179
182
40
50
86
78
216
40
193
129
64
185
161
37
243
13
177
175
141
91
243
92
192
120
232
248
151
119
140
56
247
176
48
195
166
218
213
170
148
99
3
246
155
107
24
205
169
10
170
59
193
80
106
255
91
10
198
103
245
145
251
113
74
22
0
227
177
8
238
11
16
76
228
174
248
58
154
144
235
172
131
248
141
44
182
158
211
231
198
117
108
170
209
45
214
37
234
100
80
37
23
101
226
120
178
18
200
117
159
84
150
42
69
222
149
97
45
116
22
97
5
16
194
49
234
65
113
139
216
101
113
131
230
213
99
84
82
85
23
187
51
207
59
192
80
75
102
8
230
18
120
106
254
123
132
245
170
137
159
134
198
74
91
240
79
72
140
248
167
215
93
135
190
102
198
24
146
45
188
74
82
64
159
32
242
215
90
35
100
215
45
144
247
93
6
77
112
205
82
123
89
44
71
197
222
163
73
52
227
91
122
206
16
223
196
184
222
253
124
51
255
43
115
243
12
221
2
37
234
102
107
91
52
99
154
171
198
125
1
234
155
178
117
127
86
33
179
14
76
156
20
201
65
238
179
45
63
222
251
126
76
141
23
111
240
243
70
19
88
109
116
210
167
213
27
225
77
250
177
13
106
183
173
100
53
3
38
137
182
218
19
243
28
67
120
208
152
120
216
227
244
6
212
133
227
254
9
237
1
52
78
19
166
198
69
180
251
158
68
73
124
12
214
236
118
183
174
182
54
199
84
198
55
145
226
118
52
168
132
237
249
162
42
150
219
152
96
112
13
127
59
81
122
238
121
118
160
248
117
89
240
71
46
42
168
111
51
98
27
151
178
5
105
238
70
201
178
10
168
15
83
201
93
94
149
89
8
39
75
138
143
56
173
176
93
219
145
108
29
133
69
103
181
185
146
154
133
23
174
182
233
8
216
48
103
148
81
161
133
66
111
40
40
19
8
192
20
205
137
27
162
214
95
230
253
103
225
40
209
241
148
240
173
162
133
71
153
105
246
150
152
249
147
248
182
164
98
17
86
235
176
222
5
11
116
18
174
141
177
64
132
113
128
198
68
109
77
184
195
24
244
116
162
167
53
139
8
235
116
7
206
33
190
77
83
240
9
172
185
50
249
50
74
158
129
224
98
140
7
192
213
44
180
68
155
138
120
187
240
23
92
126
59
107
106
14
211
89
137
26
225
239
46
213
142
46
16
240
231
231
21
231
107
86
33
132
139
166
192
120
78
157
198
78
124
77
34
129
176
246
200
56
199
241
134
254
120
62
198
99
123
46
4
15
130
198
104
91
245
82
31
240
217
217
105
9
191
183
93
209
183
86
221
63
160
201
45
77
53
66
13
142
78
50
127
247
215
204
207
200
72
239
115
236
110
155
145
71
194
22
0
243
61
157
156
153
81
243
16
233
122
133
155
79
195
15
251
27
80
183
87
237
59
4
116
207
6
68
49
78
253
207
79
32
177
92
171
12
30
216
168
137
89
216
140
141
33
191
3
240
122
6
202
150
109
81
174
183
108
246
176
140
2
137
41
98
163
234
33
73
146
150
187
29
126
83
44
79
0
75
229
8
238
17
163
140
38
146
250
91
11
163
7
108
11
172
151
141
248
98
55
24
126
216
22
15
180
235
243
69
71
234
54
79
240
253
104
172
156
191
8
67
240
49
155
52
210
215
57
162
230
112
252
30
195
95
129
142
3
240
133
189
66
87
119
14
157
120
204
0
254
171
111
169
28
106
255
15
168
62
206
40
89
13
29
64
9
155
248
164
240
151
101
17
245
81
224
146
48
109
43
224
47
114
157
251
12
9
2
155
88
159
40
21
139
139
246
139
241
50
20
191
225
149
0
73
60
211
237
195
98
143
73
161
228
3
216
81
20
160
189
101
229
62
61
185
81
138
195
74
124
173
24
126
0
129
208
144
25
250
54
249
27
31
71
112
7
216
33
155
45
1
60
191
81
144
25
183
55
79
71
38
175
67
5
173
101
146
20
221
43
79
110
36
55
177
173
153
171
193
239
108
11
98
47
225
184
166
170
228
89
223
166
103
136
38
62
182
232
142
17
139
72
122
222
214
3
48
145
60
146
139
18
100
203
37
132
216
117
109
81
219
249
102
110
252
134
89
94
164
55
181
126
168
207
102
152
54
184
239
85
130
145
185
85
52
213
98
106
217
171
227
234
222
126
217
7
242
100
152
138
28
192
75
69
199
145
122
118
189
86
70
139
72
132
188
221
3
119
116
154
140
84
158
125
231
20
114
60
65
231
155
177
95
61
180
149
33
25
40
15
170
244
233
109
195
68
236
82
136
234
185
137
191
18
193
120
4
48
11
221
56
0
218
84
200
153
81
102
105
146
173
152
144
155
170
183
106
238
57
83
11
134
148
70
27
9
80
32
235
14
31
6
241
246
47
7
32
173
158
168
4
145
138
1
117
101
85
72
99
143
203
61
252
38
108
125
169
9
142
60
201
141
56
29
181
254
71
35
236
30
163
19
141
91
127
71
187
35
48
192
162
57
24
156
143
244
58
168
167
75
82
221
128
37
74
198
118
89
97
25
248
95
3
221
51
176
177
73
13
210
51
28
105
234
115
172
53
41
144
154
157
55
14
156
216
53
177
186
60
132
122
103
6
40
71
125
188
233
70
228
96
238
42
246
62
232
25
177
24
199
76
122
8
227
44
255
165
229
109
25
159
222
90
161
115
187
243
16
248
201
17
128
160
63
235
44
222
178
173
46
118
106
133
39
243
94
137
91
47
173
180
36
42
69
13
121
215
130
202
172
8
146
4
104
234
209
249
165
187
153
174
39
204
138
151
199
86
79
237
251
208
92
31
148
167
65
134
113
159
83
90
136
212
46
165
85
41
41
227
155
221
225
81
80
27
186
15
69
212
147
80
99
245
250
150
74
105
180
138
247
8
18
183
102
215
5
225
187
11
107
30
227
64
251
56
10
228
159
58
218
175
95
126
163
114
232
93
31
214
122
146
133
212
227
164
203
105
84
150
46
101
179
223
114
70
183
75
3
69
28
241
73
174
233
16
225
197
29
16
190
221
98
176
58
239
168
226
30
81
81
144
91
71
208
247
141
76
119
126
87
179
214
149
45
186
166
120
243
153
74
11
28
42
84
214
5
181
151
5
141
116
95
23
244
255
205
140
4
51
128
23
2
103
146
88
81
178
56
238
40
229
70
47
226
82
1
216
121
39
87
105
91
34
181
129
109
164
87
99
196
169
170
252
148
38
135
193
42
129
140
152
238
151
150
54
108
0
125
82
171
0
29
243
49
228
107
30
132
179
109
23
71
145
90
13
245
41
60
205
99
193
187
255
236
65
187
73
212
123
161
120
30
51
107
108
64
218
176
125
111
229
181
244
2
255
175
133
53
60
195
16
235
134
31
232
121
206
86
127
162
84
100
32
99
106
253
34
159
79
84
66
73
228
13
76
69
179
232
56
102
76
198
153
220
111
213
35
111
28
242
59
67
228
173
11
246
128
104
9
99
234
81
70
170
80
27
151
166
136
25
24
31
100
21
123
207
80
60
11
211
46
0
253
215
120
82
233
201
105
206
7
117
16
219
39
204
190
31
56
9
152
105
219
23
134
205
205
143
88
39
225
170
68
138
20
78
27
0
75
75
201
59
138
53
215
30
8
127
15
169
96
123
163
28
153
140
35
134
17
32
8
101
137
222
144
147
9
196
170
176
255
23
4
104
36
51
75
119
121
185
199
176
87
96
86
116
36
35
141
132
154
100
236
222
87
127
76
45
223
65
68
142
169
112
26
17
193
86
247
134
46
114
148
7
37
243
7
105
80
237
33
58
142
234
20
47
42
59
127
111
244
225
71
208
107
175
92
142
42
39
34
152
86
18
108
239
91
242
124
215
118
231
80
198
110
228
73
229
169
88
49
214
14
111
71
160
186
152
164
132
55
84
2
85
13
63
29
158
141
65
226
56
199
126
91
121
47
187
21
207
196
81
126
155
11
146
102
241
118
86
251
36
221
62
56
168
56
102
200
68
152
75
24
71
16
171
184
109
43
37
40
187
83
195
200
71
95
178
79
206
115
244
207
241
190
127
145
231
6
246
12
24
245
216
69
255
66
207
1
135
212
208
80
61
144
224
253
86
201
164
26
42
123
14
188
131
112
4
211
60
134
84
108
65
224
252
5
25
15
49
131
123
155
134
91
4
169
188
102
86
16
3
47
63
102
236
139
58
204
8
128
70
14
85
227
115
100
183
62
43
201
198
241
68
54
135
4
108
72
126
17
95
37
226
41
40
112
140
200
63
254
20
95
183
231
54
7
157
14
120
20
246
56
67
57
11
214
34
37
226
63
108
41
69
157
44
40
217
73
36
199
23
76
243
95
55
87
243
86
193
21
11
71
131
213
17
154
213
46
201
81
158
128
127
40
100
152
136
53
38
107
6
47
241
69
13
93
159
148
161
125
244
241
155
157
191
187
128
199
244
217
213
189
107
63
166
15
78
13
142
70
33
53
106
163
124
30
190
130
211
11
146
229
210
82
102
107
14
60
2
200
153
49
24
231
16
119
200
11
38
32
248
165
70
177
204
237
59
110
112
23
137
243
60
73
75
118
104
155
47
54
85
222
140
60
221
228
61
106
47
192
112
46
41
97
86
85
144
14
121
172
44
113
63
183
196
8
32
164
219
238
22
248
181
249
240
77
225
36
143
29
255
224
60
189
185
81
153
5
38
147
101
11
28
34
168
241
86
54
56
66
136
102
32
131
244
219
25
95
63
202
87
249
140
140
139
107
185
20
135
46
2
33
235
90
16
97
83
184
211
63
43
232
1
211
8
178
111
113
112
106
107
103
163
208
221
121
97
123
215
185
56
239
93
112
219
15
10
236
185
187
251
2
181
39
11
179
53
144
181
172
110
233
19
11
103
30
38
74
106
148
72
193
145
136
119
250
66
245
229
207
216
88
212
176
238
137
246
109
215
135
196
193
255
12
204
231
144
220
191
68
8
197
192
240
10
237
64
94
136
108
8
76
192
184
126
166
39
245
139
195
183
239
29
4
60
111
223
218
106
217
149
19
88
49
221
100
235
16
30
3
141
137
250
164
7
212
77
137
73
225
51
88
48
168
49
11
47
24
25
226
74
175
129
131
234
96
212
108
173
144
76
252
20
74
43
191
94
225
83
11
60
127
235
216
125
79
40
114
237
42
157
31
220
123
175
58
33
221
144
146
180
6
5
81
251
55
162
251
44
205
47
184
236
145
87
24
47
182
61
204
207
218
58
39
129
132
93
237
21
228
64
233
30
157
35
100
222
138
93
122
237
147
231
177
59
129
82
209
130
152
242
152
60
162
219
42
253
62
213
159
172
151
74
86
161
33
223
7
135
6
246
203
129
73
241
109
82
123
13
74
209
51
192
18
6
197
35
46
74
13
236
253
36
126
46
104
6
56
130
85
219
190
35
19
122
165
120
93
90
152
180
249
187
69
217
72
253
128
18
41
202
102
96
209
107
105
53
164
116
165
21
251
62
90
162
43
216
34
42
192
194
220
38
113
53
153
35
155
123
188
171
105
209
119
242
184
243
86
13
1
157
130
68
224
188
40
24
4
240
197
140
176
102
77
245
27
120
201
79
241
194
90
196
234
53
174
48
129
242
88
176
234
176
99
188
119
213
123
61
122
243
60
129
65
10
3
213
101
165
79
243
21
4
0
11
44
26
40
180
222
233
47
139
204
226
238
118
255
117
152
113
111
239
212
187
18
48
29
188
73
56
25
83
250
96
111
230
19
250
75
98
163
112
232
130
178
26
16
103
25
70
107
95
183
175
235
14
130
172
89
95
231
122
3
146
128
126
253
52
120
71
152
166
28
55
84
81
136
250
165
122
171
68
229
28
78
153
84
232
114
73
43
249
18
111
168
56
69
30
34
20
159
166
24
205
47
178
195
231
46
62
250
237
55
43
198
31
12
217
38
205
21
196
88
122
101
70
92
181
246
62
208
124
220
82
112
18
21
52
96
0
39
51
240
116
18
24
249
102
207
229
170
186
213
173
255
96
204
217
44
94
251
159
250
35
243
215
85
140
71
91
129
166
222
104
233
151
142
65
79
239
37
23
157
64
153
61
80
192
244
221
139
179
56
235
106
235
241
249
49
209
56
88
219
142
31
98
132
242
143
105
237
70
232
22
138
56
102
86
221
170
20
193
156
234
219
45
236
163
174
181
38
82
125
34
113
246
123
22
183
158
94
178
204
144
111
250
8
130
70
32
225
57
86
124
142
75
14
243
199
181
244
106
67
175
202
44
106
225
74
119
208
35
201
185
152
91
44
220
153
128
251
112
214
168
179
132
3
41
66
249
9
183
236
101
183
26
41
250
248
108
145
1
171
138
96
50
238
228
188
2
191
33
45
74
111
215
78
62
180
118
111
131
178
156
182
167
198
208
73
79
91
5
249
20
166
174
215
119
39
51
26
102
203
229
32
117
241
151
121
20
106
161
225
121
198
234
181
193
229
7
75
62
5
126
51
109
3
21
189
213
209
171
167
246
159
9
179
202
96
65
93
7
96
60
186
122
82
150
212
122
215
14
78
59
83
200
176
160
216
8
147
204
34
71
29
20
222
177
59
143
219
105
164
230
63
72
57
12
237
54
119
207
155
142
189
189
116
82
73
139
199
23
254
209
225
9
22
54
255
11
188
36
173
95
46
17
213
236
237
88
33
47
218
127
235
244
88
172
79
6
145
8
40
87
145
99
82
144
132
145
74
60
56
3
129
11
229
121
162
173
155
75
62
207
92
52
48
109
27
13
251
218
51
170
249
233
204
246
121
171
196
247
121
147
17
22
100
74
226
76
42
15
208
115
179
227
51
205
66
138
199
120
213
253
252
229
102
79
229
89
191
59
9
78
197
94
219
85
250
216
33
168
110
71
76
48
120
253
144
81
133
102
117
40
183
253
39
198
217
209
147
184
32
218
162
247
64
234
129
48
101
252
84
221
67
163
188
106
147
135
246
49
13
248
25
91
47
85
129
248
205
167
78
146
173
49
182
158
229
220
50
113
67
115
159
60
60
101
160
148
3
211
6
133
131
16
38
171
72
5
31
93
223
22
41
243
122
116
16
232
171
27
226
89
157
157
134
143
221
161
89
118
6
226
195
23
244
131
146
37
81
80
18
32
117
112
68
75
89
15
87
15
40
7
54
69
47
157
238
219
28
66
62
212
251
8
169
126
71
213
44
37
47
149
123
200
177
103
144
117
118
117
134
168
41
87
80
57
154
105
173
239
228
64
27
250
7
107
102
190
231
148
223
90
99
249
231
92
226
53
251
156
226
67
188
147
43
246
134
77
85
176
176
181
199
195
156
150
110
159
47
192
78
230
176
128
54
81
47
151
143
115
172
2
164
140
235
208
196
241
216
142
82
19
243
236
253
187
76
82
183
69
12
69
255
130
217
91
176
253
83
224
191
19
143
194
242
184
38
221
102
172
114
126
209
229
116
179
190
90
120
173
31
30
217
34
175
23
160
127
52
90
198
0
228
245
156
150
148
105
104
73
2
231
43
249
63
178
125
212
62
26
124
107
107
106
28
192
218
133
137
195
70
139
39
178
10
211
96
25
255
92
142
221
28
58
188
212
149
177
136
124
195
58
230
171
36
52
